Id	Img Id	Da	Dp	FWidth	FLength	ELength	EWidth	Volume	Area	Perimeter	CHull  Area	CHull Perimeter	Sphericity	Compactness	Roundness	Ellipse Ratio	Circularity	Solidity	Concavity	Convexity	Extent	hash	Transparency	Curvature	Surface Area	Filter0	Filter1	Filter2	Filter3	Filter4	Filter5	Filter6	L/W Ratio	W/L Aspect Ratio	CHull Surface Area	Ellipticity	Fiber Length	Fiber Width
 	 	µm	µm	µm	µm	µm	µm	µm³	µm²	µm	µm²	µm	 	 	 	 	 	 	 	 	 	 	 	 	µm²	 	 	 	 	 	 	 	 	 	µm²	 	µm	µm
65	196	36.531	42.839	37.266	39.259	37.600	35.547	25525.714	1048.116	134.582	1125.636	120.318	0.853	0.931	0.866	0.945	0.727	0.931	0.069	0.894	0.716	3.66010408795178445E18	0.333	0.000	4192.465	Accept	Reject	Reject	Reject	Reject	Reject	Reject	1.053	0.949	4502.544	1.058	37.616	27.864
40	153	37.578	40.896	37.142	39.958	38.547	36.673	27783.850	1109.053	128.480	1154.647	121.396	0.919	0.940	0.884	0.951	0.844	0.961	0.039	0.945	0.747	3.7881712175838807E18	0.315	0.000	4436.213	Accept	Reject	Reject	Reject	Reject	Reject	Reject	1.076	0.930	4618.587	1.051	0.000	0.000
131	350	32.730	36.151	32.754	34.959	33.616	31.914	18358.210	841.352	113.571	884.749	106.677	0.905	0.936	0.877	0.949	0.820	0.951	0.049	0.939	0.735	2.63528825708726118E18	0.335	0.000	3365.408	Accept	Reject	Reject	Reject	Reject	Reject	Reject	1.067	0.937	3538.996	1.053	0.000	0.000
13	109	29.493	33.858	29.922	31.889	30.738	28.354	13432.776	683.179	106.367	733.572	96.868	0.871	0.925	0.855	0.922	0.759	0.931	0.069	0.911	0.716	3.78846149737986765E18	0.314	0.000	2732.717	Accept	Reject	Reject	Reject	Reject	Reject	Reject	1.066	0.938	2934.289	1.084	0.000	0.000
108	277	30.085	31.982	29.122	32.333	30.757	29.474	14258.263	710.889	100.476	731.485	97.354	0.941	0.930	0.866	0.958	0.885	0.972	0.028	0.969	0.755	2.63524915461450803E18	0.324	0.000	2843.556	Accept	Reject	Reject	Reject	Reject	Reject	Reject	1.110	0.901	2925.941	1.044	0.000	0.000
132	351	28.771	34.990	29.052	32.943	31.645	26.330	12469.900	650.129	109.924	719.300	97.136	0.822	0.873	0.763	0.832	0.676	0.904	0.096	0.884	0.679	2.94152974180589824E18	0.355	0.000	2600.515	Accept	Reject	Reject	Reject	Reject	Reject	Reject	1.134	0.882	2877.201	1.202	34.095	19.068
71	200	29.005	31.301	28.831	31.057	30.015	28.063	12776.864	660.755	98.333	688.299	93.857	0.927	0.934	0.872	0.935	0.859	0.960	0.040	0.954	0.738	3.66210562111378483E18	0.295	0.000	2643.019	Accept	Reject	Reject	Reject	Reject	Reject	Reject	1.077	0.928	2753.197	1.070	0.000	0.000
148	393	28.845	30.226	28.360	30.733	29.629	28.083	12566.037	653.466	94.958	672.284	92.677	0.954	0.939	0.881	0.948	0.911	0.972	0.028	0.976	0.750	2.65326864710829978E18	0.304	0.000	2613.864	Accept	Reject	Reject	Reject	Reject	Reject	Reject	1.084	0.923	2689.136	1.055	0.000	0.000
79	207	27.824	36.116	28.288	30.978	28.795	27.008	11278.956	608.046	113.462	684.791	94.213	0.770	0.898	0.807	0.938	0.594	0.888	0.112	0.830	0.694	5.0627207661010473E18	0.398	0.000	2432.186	Accept	Reject	Reject	Reject	Reject	Reject	Reject	1.095	0.913	2739.165	1.066	39.846	15.260
168	444	28.322	35.760	28.266	30.978	29.312	27.496	11895.137	629.995	112.344	691.463	94.619	0.792	0.914	0.836	0.938	0.627	0.911	0.089	0.842	0.719	3.66207490443433062E18	0.389	0.000	2519.980	Accept	Reject	Reject	Reject	Reject	Reject	Reject	1.096	0.912	2765.854	1.066	38.059	16.553
44	162	26.299	34.406	26.941	30.201	29.102	23.866	9523.607	543.198	108.089	620.700	90.098	0.764	0.871	0.758	0.820	0.584	0.875	0.125	0.834	0.668	5.10125259490054861E18	0.361	0.000	2172.793	Accept	Reject	Reject	Reject	Reject	Reject	Reject	1.121	0.892	2482.801	1.219	38.330	14.171
153	402	27.195	29.549	26.442	30.130	28.482	25.998	10530.450	580.839	92.832	607.679	88.655	0.920	0.903	0.815	0.913	0.847	0.956	0.044	0.955	0.729	3.80650736296937779E18	0.292	0.000	2323.354	Accept	Reject	Reject	Reject	Reject	Reject	Reject	1.139	0.878	2430.717	1.096	0.000	0.000
85	217	24.562	26.835	24.157	26.264	25.783	23.457	7758.261	473.806	84.305	500.962	80.454	0.915	0.935	0.875	0.910	0.838	0.946	0.054	0.954	0.747	3.80425989142366566E18	0.317	0.000	1895.223	Accept	Reject	Reject	Reject	Reject	Reject	Reject	1.087	0.920	2003.849	1.099	0.000	0.000
170	449	22.820	27.975	23.444	26.091	23.172	22.698	6221.867	408.982	87.887	458.294	77.822	0.816	0.875	0.765	0.980	0.665	0.892	0.108	0.885	0.669	3.80397237758661683E18	0.409	0.000	1635.930	Accept	Reject	Reject	Reject	Reject	Reject	Reject	1.113	0.899	1833.178	1.021	27.020	15.137
89	233	23.221	25.000	22.934	25.427	23.935	22.554	6556.109	423.501	78.540	442.096	75.568	0.929	0.913	0.834	0.942	0.863	0.958	0.042	0.962	0.726	3.64634755792232806E18	0.315	0.000	1694.006	Accept	Reject	Reject	Reject	Reject	Reject	Reject	1.109	0.902	1768.383	1.061	0.000	0.000
128	334	24.157	27.086	22.788	26.628	25.948	22.590	7380.938	458.316	85.093	485.946	79.645	0.892	0.907	0.823	0.871	0.795	0.943	0.057	0.936	0.755	2.65136863196025958E18	0.354	0.000	1833.265	Accept	Reject	Reject	Reject	Reject	Reject	Reject	1.169	0.856	1943.784	1.149	0.000	0.000
161	423	26.246	29.590	22.190	32.831	32.724	21.218	9466.311	541.018	92.958	569.629	88.878	0.887	0.799	0.639	0.648	0.787	0.950	0.050	0.956	0.743	3.64409074157003059E18	0.308	0.000	2164.070	Accept	Reject	Reject	Reject	Reject	Reject	Reject	1.480	0.676	2278.514	1.542	0.000	0.000
33	144	21.931	23.752	21.121	24.082	22.954	20.973	5523.336	377.768	74.619	394.958	71.409	0.923	0.911	0.829	0.914	0.853	0.956	0.044	0.957	0.743	3.64631230575560602E18	0.320	0.000	1511.072	Accept	Reject	Reject	Reject	Reject	Reject	Reject	1.140	0.877	1579.830	1.094	0.000	0.000
106	275	21.014	23.203	20.807	23.390	21.946	20.197	4858.764	346.823	72.894	369.112	69.073	0.906	0.898	0.807	0.920	0.820	0.940	0.060	0.948	0.713	2.64000847770411776E18	0.348	0.000	1387.292	Accept	Reject	Reject	Reject	Reject	Reject	Reject	1.124	0.890	1476.447	1.087	0.000	0.000
164	429	20.757	24.523	20.649	23.876	21.433	20.266	4682.944	338.405	77.041	373.513	69.945	0.846	0.869	0.756	0.946	0.716	0.906	0.094	0.908	0.686	3.65982247770455142E18	0.391	0.000	1353.620	Accept	Reject	Reject	Reject	Reject	Reject	Reject	1.156	0.865	1494.051	1.058	0.000	0.000
62	190	20.748	22.312	20.593	22.978	21.629	19.958	4676.340	338.087	70.095	354.133	67.811	0.930	0.903	0.815	0.923	0.865	0.955	0.045	0.967	0.715	2.65555625097998285E18	0.351	0.000	1352.347	Accept	Reject	Reject	Reject	Reject	Reject	Reject	1.116	0.896	1416.531	1.084	0.000	0.000
80	212	20.361	24.256	19.791	24.275	21.720	19.185	4419.449	325.589	76.202	363.670	69.657	0.839	0.839	0.703	0.883	0.705	0.895	0.105	0.914	0.678	3.9506929359128448E18	0.371	0.000	1302.355	Accept	Reject	Reject	Reject	Reject	Reject	Reject	1.227	0.815	1454.682	1.132	20.582	15.819
135	359	19.608	22.808	19.070	22.060	20.564	18.753	3947.083	301.955	71.654	330.385	65.785	0.860	0.889	0.790	0.912	0.739	0.914	0.086	0.918	0.718	2.63553234880314522E18	0.369	0.000	1207.818	Accept	Reject	Reject	Reject	Reject	Reject	Reject	1.157	0.864	1321.539	1.097	0.000	0.000
122	302	19.134	20.338	19.048	20.507	19.581	18.701	3667.652	287.530	63.893	298.741	62.247	0.941	0.933	0.871	0.955	0.885	0.962	0.038	0.974	0.736	3.79049848120222464E18	0.336	0.000	1150.119	Accept	Reject	Reject	Reject	Reject	Reject	Reject	1.077	0.929	1194.963	1.047	0.000	0.000
104	268	18.894	20.307	18.934	20.315	19.341	18.508	3531.832	280.387	63.796	294.437	61.806	0.930	0.930	0.865	0.957	0.866	0.952	0.048	0.969	0.729	3.7884968213555072E18	0.332	0.000	1121.547	Accept	Reject	Reject	Reject	Reject	Reject	Reject	1.073	0.932	1177.749	1.045	0.000	0.000
97	259	17.878	21.077	18.553	20.573	19.130	16.819	2991.767	251.021	66.215	278.128	60.662	0.848	0.869	0.755	0.879	0.719	0.903	0.097	0.916	0.658	3.64607048205171814E18	0.402	0.000	1004.082	Accept	Reject	Reject	Reject	Reject	Reject	Reject	1.109	0.902	1112.511	1.137	0.000	0.000
134	359	18.711	20.638	18.386	20.888	19.540	17.971	3430.212	274.982	64.836	292.823	61.985	0.907	0.896	0.802	0.920	0.822	0.939	0.061	0.956	0.716	2.63525473165081344E18	0.394	0.000	1099.929	Accept	Reject	Reject	Reject	Reject	Reject	Reject	1.136	0.880	1171.293	1.087	0.000	0.000
133	358	18.111	20.045	17.497	20.774	19.013	17.299	3110.533	257.621	62.972	273.620	59.985	0.904	0.872	0.760	0.910	0.816	0.942	0.058	0.953	0.709	3.64409184215753062E18	0.364	0.000	1030.483	Accept	Reject	Reject	Reject	Reject	Reject	Reject	1.187	0.842	1094.480	1.099	0.000	0.000
143	382	17.088	19.457	17.227	19.240	17.419	16.871	2612.509	229.331	61.125	250.968	57.268	0.878	0.888	0.789	0.969	0.771	0.914	0.086	0.937	0.692	2.78222432856545229E18	0.396	0.000	917.324	Accept	Reject	Reject	Reject	Reject	Reject	Reject	1.117	0.895	1003.870	1.033	0.000	0.000
60	187	17.128	19.673	17.180	19.220	18.234	16.184	2630.963	230.410	61.804	249.292	56.924	0.871	0.891	0.794	0.888	0.758	0.924	0.076	0.921	0.698	3.66214582417643827E18	0.369	0.000	921.639	Accept	Reject	Reject	Reject	Reject	Reject	Reject	1.119	0.894	997.169	1.127	0.000	0.000
22	124	16.972	19.123	17.057	19.251	17.421	16.643	2559.729	226.232	60.075	246.440	56.894	0.888	0.882	0.777	0.955	0.788	0.918	0.082	0.947	0.689	2.65330823932538778E18	0.367	0.000	904.927	Accept	Reject	Reject	Reject	Reject	Reject	Reject	1.129	0.886	985.760	1.047	0.000	0.000
112	281	16.515	19.724	16.544	18.723	17.829	15.309	2358.701	214.226	61.964	240.844	56.117	0.837	0.882	0.778	0.859	0.701	0.889	0.111	0.906	0.692	3.77043843270249216E18	0.376	0.000	856.905	Accept	Reject	Reject	Reject	Reject	Reject	Reject	1.132	0.884	963.377	1.165	0.000	0.000
145	385	16.436	18.775	16.505	18.768	16.733	16.288	2324.767	212.167	58.984	230.851	54.875	0.875	0.876	0.767	0.973	0.766	0.919	0.081	0.930	0.685	3.66211063993459866E18	0.425	0.000	848.667	Accept	Reject	Reject	Reject	Reject	Reject	Reject	1.137	0.879	923.405	1.027	0.000	0.000
29	134	15.316	19.126	16.211	17.656	16.379	14.472	1881.288	184.244	60.086	214.653	53.255	0.801	0.867	0.753	0.884	0.641	0.858	0.142	0.886	0.644	2.6555249244301783E18	0.393	0.000	736.978	Accept	Reject	Reject	Reject	Reject	Reject	Reject	1.089	0.918	858.611	1.132	17.468	10.547
151	398	16.454	17.723	16.199	17.757	16.981	15.974	2332.343	212.627	55.678	224.778	54.079	0.928	0.927	0.859	0.941	0.862	0.946	0.054	0.971	0.739	3.81105057080458854E18	0.371	0.000	850.509	Accept	Reject	Reject	Reject	Reject	Reject	Reject	1.096	0.912	899.111	1.063	0.000	0.000
158	420	16.596	18.381	16.083	18.697	18.038	15.317	2393.444	216.325	57.746	231.246	54.898	0.903	0.888	0.788	0.849	0.815	0.935	0.065	0.951	0.719	3.77248409034341939E18	0.353	0.000	865.299	Accept	Reject	Reject	Reject	Reject	Reject	Reject	1.163	0.860	924.984	1.178	0.000	0.000
107	277	15.291	18.958	15.831	17.422	15.679	15.079	1872.156	183.648	59.558	207.023	51.966	0.807	0.878	0.770	0.962	0.651	0.887	0.113	0.873	0.666	2.76343030732415334E18	0.379	0.000	734.591	Accept	Reject	Reject	Reject	Reject	Reject	Reject	1.100	0.909	828.092	1.040	17.639	10.411
77	205	15.565	19.771	15.686	18.410	16.727	14.693	1974.521	190.282	62.112	221.438	54.047	0.787	0.845	0.715	0.878	0.620	0.859	0.141	0.870	0.659	2.76614061221081088E18	0.413	0.000	761.130	Accept	Reject	Reject	Reject	Reject	Reject	Reject	1.174	0.852	885.752	1.138	20.161	9.438
50	177	15.331	18.173	15.636	17.621	16.250	14.582	1886.867	184.609	57.091	203.718	52.627	0.844	0.870	0.757	0.897	0.712	0.906	0.094	0.922	0.670	3.78824619271880243E18	0.402	0.000	738.434	Accept	Reject	Reject	Reject	Reject	Reject	Reject	1.127	0.887	814.872	1.114	0.000	0.000
59	187	15.448	19.790	15.458	18.967	16.340	14.798	1930.183	187.423	62.171	217.733	53.850	0.781	0.814	0.663	0.906	0.609	0.861	0.139	0.866	0.639	3.77245274028238336E18	0.400	0.000	749.692	Accept	Reject	Reject	Reject	Reject	Reject	Reject	1.227	0.815	870.932	1.104	20.370	9.201
53	182	16.039	17.661	15.275	18.640	17.154	15.010	2160.416	202.045	55.485	214.089	53.251	0.908	0.860	0.740	0.875	0.825	0.944	0.056	0.960	0.710	3.79303567315402701E18	0.368	0.000	808.182	Accept	Reject	Reject	Reject	Reject	Reject	Reject	1.220	0.819	856.355	1.143	0.000	0.000
7	99	15.105	19.917	15.264	18.768	15.777	14.631	1804.540	179.199	62.571	211.329	52.745	0.758	0.805	0.648	0.927	0.575	0.848	0.152	0.843	0.626	3.64887814310929152E18	0.400	0.000	716.795	Accept	Reject	Reject	Reject	Reject	Reject	Reject	1.230	0.813	845.318	1.078	21.651	8.277
45	165	15.376	16.955	15.175	17.438	15.936	14.876	1903.333	185.681	53.266	199.230	51.021	0.907	0.882	0.777	0.933	0.822	0.932	0.068	0.958	0.702	2.6355401313214377E18	0.385	0.000	742.724	Accept	Reject	Reject	Reject	Reject	Reject	Reject	1.149	0.870	796.918	1.071	0.000	0.000
84	217	15.162	16.720	15.077	16.803	16.166	14.218	1825.061	180.555	52.526	191.498	50.374	0.907	0.902	0.814	0.879	0.822	0.943	0.057	0.959	0.713	3.78849737030837402E18	0.387	0.000	722.219	Accept	Reject	Reject	Reject	Reject	Reject	Reject	1.114	0.897	765.991	1.137	0.000	0.000
72	200	14.785	16.744	15.033	16.509	16.137	13.644	1692.379	171.694	52.602	184.851	49.680	0.883	0.896	0.802	0.846	0.780	0.929	0.071	0.944	0.692	2.63550487821335757E18	0.411	0.000	686.777	Accept	Reject	Reject	Reject	Reject	Reject	Reject	1.098	0.911	739.404	1.183	0.000	0.000
64	196	15.636	16.697	14.960	17.114	16.169	15.139	2001.769	192.029	52.454	198.936	51.147	0.937	0.914	0.835	0.936	0.877	0.965	0.035	0.975	0.750	3.80908030732215501E18	0.391	0.000	768.116	Accept	Reject	Reject	Reject	Reject	Reject	Reject	1.144	0.874	795.746	1.068	0.000	0.000
93	253	14.577	17.752	14.949	16.852	15.339	14.035	1621.689	166.879	55.770	188.881	50.101	0.821	0.865	0.748	0.915	0.674	0.884	0.116	0.898	0.662	2.78190767029275034E18	0.420	0.000	667.517	Accept	Reject	Reject	Reject	Reject	Reject	Reject	1.127	0.887	755.524	1.093	0.000	0.000
34	145	14.279	16.489	14.534	16.229	14.654	14.104	1524.216	160.124	51.800	178.735	48.377	0.866	0.880	0.774	0.962	0.750	0.896	0.104	0.934	0.679	2.65330824030234163E18	0.388	0.000	640.494	Accept	Reject	Reject	Reject	Reject	Reject	Reject	1.117	0.896	714.940	1.039	0.000	0.000
73	203	14.497	17.201	14.390	16.619	14.994	14.112	1595.158	165.054	54.038	185.002	49.455	0.843	0.872	0.761	0.941	0.710	0.892	0.108	0.915	0.690	2.63758137465844019E18	0.390	0.000	660.217	Accept	Reject	Reject	Reject	Reject	Reject	Reject	1.155	0.866	740.007	1.063	0.000	0.000
14	109	14.375	19.281	14.157	18.444	16.036	13.005	1555.198	162.286	60.573	192.260	51.290	0.746	0.779	0.607	0.811	0.556	0.844	0.156	0.847	0.622	5.06927338537479987E18	0.400	0.000	649.144	Accept	Reject	Reject	Reject	Reject	Reject	Reject	1.303	0.768	769.040	1.233	21.250	7.637
138	376	14.408	15.935	14.125	16.089	15.350	13.556	1566.108	163.044	50.061	173.352	47.529	0.904	0.896	0.802	0.883	0.818	0.941	0.059	0.949	0.717	2.63528552577807053E18	0.392	0.000	652.177	Accept	Reject	Reject	Reject	Reject	Reject	Reject	1.139	0.878	693.407	1.132	0.000	0.000
105	271	13.986	16.159	14.101	15.637	14.135	13.861	1432.320	153.621	50.765	167.039	46.743	0.866	0.894	0.800	0.981	0.749	0.920	0.080	0.921	0.697	3.66239658169853491E18	0.383	0.000	614.484	Accept	Reject	Reject	Reject	Reject	Reject	Reject	1.109	0.902	668.156	1.020	0.000	0.000
163	425	14.785	15.942	14.078	16.659	15.954	13.748	1692.103	171.676	50.083	180.840	48.784	0.927	0.887	0.788	0.862	0.860	0.949	0.051	0.974	0.732	2.63557587402486528E18	0.400	0.000	686.702	Accept	Reject	Reject	Reject	Reject	Reject	Reject	1.183	0.845	723.360	1.160	0.000	0.000
174	485	14.288	15.540	14.045	15.790	14.764	13.905	1527.403	160.347	48.820	168.926	46.973	0.919	0.905	0.819	0.942	0.845	0.949	0.051	0.962	0.723	2.63528999346869811E18	0.386	0.000	641.387	Accept	Reject	Reject	Reject	Reject	Reject	Reject	1.124	0.889	675.703	1.062	0.000	0.000
49	174	13.943	15.669	13.941	15.608	14.524	13.483	1419.273	152.687	49.227	165.084	46.825	0.890	0.893	0.798	0.928	0.792	0.925	0.075	0.951	0.702	3.64666868620613632E18	0.368	0.000	610.747	Accept	Reject	Reject	Reject	Reject	Reject	Reject	1.120	0.893	660.338	1.077	0.000	0.000
166	438	13.725	16.152	13.902	16.089	14.506	13.167	1353.833	147.957	50.744	165.098	46.951	0.850	0.853	0.728	0.908	0.722	0.896	0.104	0.925	0.662	2.7820088422930135E18	0.399	0.000	591.826	Accept	Reject	Reject	Reject	Reject	Reject	Reject	1.157	0.864	660.390	1.102	0.000	0.000
127	331	13.551	15.891	13.891	15.546	14.002	13.207	1303.028	144.231	49.922	161.951	46.451	0.853	0.872	0.760	0.943	0.727	0.891	0.109	0.930	0.668	3.79103504517741824E18	0.399	0.000	576.926	Accept	Reject	Reject	Reject	Reject	Reject	Reject	1.119	0.894	647.806	1.060	0.000	0.000
159	422	13.066	16.205	13.765	15.028	14.010	12.363	1168.089	134.094	50.909	155.498	45.574	0.806	0.869	0.756	0.882	0.650	0.862	0.138	0.895	0.648	3.77075565044717158E18	0.404	0.000	536.375	Accept	Reject	Reject	Reject	Reject	Reject	Reject	1.092	0.916	621.991	1.133	14.041	9.550
30	135	13.832	15.659	13.664	15.931	14.523	13.225	1385.564	150.259	49.195	163.376	46.825	0.883	0.868	0.754	0.911	0.780	0.920	0.080	0.952	0.690	2.63525473933455718E18	0.401	0.000	601.038	Accept	Reject	Reject	Reject	Reject	Reject	Reject	1.166	0.858	653.504	1.098	0.000	0.000
142	381	12.921	15.967	13.662	15.719	13.577	12.656	1129.609	131.132	50.163	155.912	46.081	0.809	0.822	0.676	0.932	0.655	0.841	0.159	0.919	0.611	3.93715575962550272E18	0.425	0.000	524.529	Accept	Reject	Reject	Reject	Reject	Reject	Reject	1.151	0.869	623.649	1.073	0.000	0.000
114	287	14.950	15.818	13.654	17.064	16.615	13.453	1749.530	175.538	49.694	181.811	48.895	0.945	0.876	0.768	0.810	0.893	0.965	0.035	0.984	0.753	2.78225952262035456E18	0.355	0.000	702.153	Accept	Reject	Reject	Reject	Reject	Reject	Reject	1.250	0.800	727.244	1.235	0.000	0.000
16	111	13.320	16.109	13.633	15.572	13.617	13.274	1237.418	139.348	50.607	156.697	45.596	0.827	0.855	0.732	0.975	0.684	0.889	0.111	0.901	0.656	2.63588647745299251E18	0.422	0.000	557.393	Accept	Reject	Reject	Reject	Reject	Reject	Reject	1.142	0.875	626.790	1.026	0.000	0.000
129	348	14.103	18.521	13.441	18.717	15.028	13.132	1468.672	156.209	58.185	183.981	50.538	0.761	0.753	0.568	0.874	0.580	0.849	0.151	0.869	0.621	2.65365630458654976E18	0.395	0.000	624.838	Accept	Reject	Reject	Reject	Reject	Reject	Reject	1.393	0.718	735.925	1.144	19.824	7.880
173	459	13.822	16.403	13.351	15.986	15.499	12.400	1382.739	150.055	51.531	168.023	47.224	0.843	0.865	0.748	0.800	0.710	0.893	0.107	0.916	0.703	2.78200889500863283E18	0.385	0.000	600.221	Accept	Reject	Reject	Reject	Reject	Reject	Reject	1.197	0.835	672.094	1.250	0.000	0.000
95	256	12.354	18.938	13.315	16.857	13.335	11.827	987.314	119.875	59.496	162.750	47.422	0.652	0.733	0.537	0.887	0.426	0.737	0.263	0.797	0.534	2.94157429890657894E18	0.435	0.000	479.499	Accept	Reject	Reject	Reject	Reject	Reject	Reject	1.266	0.790	650.999	1.127	23.361	5.131
15	110	12.452	16.462	13.306	15.816	13.241	11.896	1010.940	121.780	51.717	150.881	45.204	0.756	0.787	0.620	0.898	0.572	0.807	0.193	0.874	0.579	2.67382568387526246E18	0.418	0.000	487.118	Accept	Reject	Reject	Reject	Reject	Reject	Reject	1.189	0.841	603.526	1.113	17.167	7.094
27	130	13.129	14.452	13.298	14.867	13.791	12.677	1185.034	135.387	45.402	142.295	44.326	0.908	0.883	0.780	0.919	0.825	0.951	0.049	0.976	0.685	2.77944476305742182E18	0.434	0.000	541.549	Accept	Reject	Reject	Reject	Reject	Reject	Reject	1.118	0.894	569.179	1.088	0.000	0.000
58	187	13.062	17.135	13.298	17.354	13.385	12.997	1166.942	134.006	53.831	160.254	47.085	0.762	0.753	0.567	0.971	0.581	0.836	0.164	0.875	0.581	5.06945088793397965E18	0.417	0.000	536.023	Accept	Reject	Reject	Reject	Reject	Reject	Reject	1.305	0.766	641.018	1.030	20.321	6.594
69	198	13.244	16.114	13.221	15.676	14.709	12.150	1216.208	137.751	50.624	155.978	45.886	0.822	0.845	0.714	0.826	0.675	0.883	0.117	0.906	0.665	2.78194739659275827E18	0.431	0.000	551.006	Accept	Reject	Reject	Reject	Reject	Reject	Reject	1.186	0.843	623.912	1.211	0.000	0.000
111	279	13.616	15.176	13.148	15.598	14.059	13.432	1321.738	145.609	47.678	156.711	46.051	0.897	0.873	0.762	0.955	0.805	0.929	0.071	0.966	0.710	3.95548254750005658E18	0.412	0.000	582.435	Accept	Reject	Reject	Reject	Reject	Reject	Reject	1.186	0.843	626.845	1.047	0.000	0.000
103	267	12.512	19.690	12.929	15.769	15.204	11.124	1025.597	122.954	61.857	163.017	46.774	0.635	0.793	0.630	0.732	0.404	0.754	0.246	0.756	0.603	5.07423053477544755E18	0.443	0.000	491.815	Accept	Reject	Reject	Reject	Reject	Reject	Reject	1.220	0.820	652.070	1.367	26.243	4.685
61	188	13.000	14.347	12.902	14.353	13.568	12.656	1150.285	132.728	45.072	141.318	43.638	0.906	0.906	0.820	0.933	0.821	0.939	0.061	0.968	0.717	2.67413795565125581E18	0.405	0.000	530.910	Accept	Reject	Reject	Reject	Reject	Reject	Reject	1.112	0.899	565.270	1.072	0.000	0.000
121	299	12.620	15.606	12.749	14.658	13.351	12.086	1052.439	125.090	49.029	145.656	44.089	0.809	0.861	0.741	0.905	0.654	0.859	0.141	0.899	0.669	5.06748399882151117E18	0.407	0.000	500.359	Accept	Reject	Reject	Reject	Reject	Reject	Reject	1.150	0.870	582.623	1.105	13.277	9.422
117	298	13.217	16.186	12.702	15.650	14.204	12.418	1209.054	137.211	50.849	155.220	45.960	0.817	0.845	0.713	0.874	0.667	0.884	0.116	0.904	0.690	3.81108148626460211E18	0.390	0.000	548.843	Accept	Reject	Reject	Reject	Reject	Reject	Reject	1.232	0.812	620.881	1.144	0.000	0.000
74	203	13.116	14.262	12.604	15.097	13.323	12.972	1181.504	135.118	44.806	143.556	43.786	0.920	0.869	0.755	0.974	0.846	0.941	0.059	0.977	0.710	3.79078435664373299E18	0.422	0.000	540.473	Accept	Reject	Reject	Reject	Reject	Reject	Reject	1.198	0.835	574.224	1.027	0.000	0.000
70	198	13.884	15.417	12.522	16.354	15.368	12.587	1401.442	151.405	48.435	158.806	46.371	0.901	0.849	0.721	0.819	0.811	0.953	0.047	0.957	0.739	2.63529384191062374E18	0.426	0.000	605.621	Accept	Reject	Reject	Reject	Reject	Reject	Reject	1.306	0.766	635.225	1.221	0.000	0.000
171	454	12.261	13.285	12.337	13.365	12.740	11.849	965.118	118.071	41.736	124.536	40.173	0.923	0.917	0.842	0.930	0.852	0.948	0.052	0.963	0.716	2.63557587430823987E18	0.386	0.000	472.285	Accept	Reject	Reject	Reject	Reject	Reject	Reject	1.083	0.923	498.145	1.075	0.000	0.000
123	302	11.661	16.046	12.333	14.536	12.560	11.137	830.235	106.797	50.410	135.585	42.724	0.727	0.802	0.644	0.887	0.528	0.788	0.212	0.848	0.596	2.65362160891792998E18	0.411	0.000	427.187	Accept	Reject	Reject	Reject	Reject	Reject	Reject	1.179	0.848	542.340	1.128	17.854	5.982
147	390	12.693	13.679	12.282	14.319	13.277	12.128	1070.802	126.541	42.975	132.056	41.613	0.928	0.886	0.786	0.913	0.861	0.958	0.042	0.968	0.720	3.66243177479666893E18	0.375	0.000	506.163	Accept	Reject	Reject	Reject	Reject	Reject	Reject	1.166	0.858	528.222	1.095	0.000	0.000
37	150	12.746	13.830	12.271	14.025	13.297	12.304	1084.141	127.589	43.450	134.904	42.195	0.922	0.909	0.826	0.925	0.849	0.946	0.054	0.971	0.741	2.65615441230429798E18	0.393	0.000	510.358	Accept	Reject	Reject	Reject	Reject	Reject	Reject	1.143	0.875	539.617	1.081	0.000	0.000
160	422	11.427	15.005	12.234	14.096	11.997	11.339	781.321	102.560	47.138	123.801	41.398	0.762	0.811	0.657	0.945	0.580	0.828	0.172	0.878	0.595	2.63751052595401984E18	0.448	0.000	410.239	Accept	Reject	Reject	Reject	Reject	Reject	Reject	1.152	0.868	495.203	1.058	15.009	6.833
86	222	12.578	14.003	12.225	14.753	13.672	11.676	1042.006	124.262	43.991	134.064	42.249	0.898	0.853	0.727	0.854	0.807	0.927	0.073	0.960	0.689	2.65559578189469338E18	0.407	0.000	497.047	Accept	Reject	Reject	Reject	Reject	Reject	Reject	1.207	0.829	536.255	1.171	0.000	0.000
63	191	12.661	15.139	12.194	15.344	13.896	11.689	1062.694	125.901	47.559	141.542	43.891	0.836	0.825	0.681	0.841	0.699	0.889	0.111	0.923	0.673	3.6620794316180311E18	0.413	0.000	503.604	Accept	Reject	Reject	Reject	Reject	Reject	Reject	1.258	0.795	566.168	1.189	0.000	0.000
115	290	13.699	16.364	12.093	18.931	17.471	10.847	1346.188	147.399	51.408	162.248	48.219	0.837	0.724	0.524	0.621	0.701	0.908	0.092	0.938	0.644	2.65591195161457101E18	0.397	0.000	589.596	Accept	Reject	Reject	Reject	Reject	Reject	Reject	1.565	0.639	648.994	1.611	0.000	0.000
26	128	12.383	13.251	12.092	14.161	13.125	11.672	994.175	120.429	41.628	126.521	40.669	0.935	0.874	0.765	0.889	0.873	0.952	0.048	0.977	0.703	2.65362551933474406E18	0.396	0.000	481.718	Accept	Reject	Reject	Reject	Reject	Reject	Reject	1.171	0.854	506.086	1.125	0.000	0.000
144	384	12.043	13.772	12.049	14.020	12.776	11.479	914.562	113.911	43.265	124.790	40.906	0.874	0.859	0.738	0.898	0.765	0.913	0.087	0.945	0.674	2.65365679327333222E18	0.405	0.000	455.645	Accept	Reject	Reject	Reject	Reject	Reject	Reject	1.164	0.859	499.160	1.113	0.000	0.000
17	112	11.694	14.750	12.015	13.198	11.915	11.422	837.299	107.402	46.340	119.620	39.852	0.793	0.886	0.785	0.959	0.629	0.898	0.102	0.860	0.677	2.63560665404204595E18	0.415	0.000	429.607	Accept	Reject	Reject	Reject	Reject	Reject	Reject	1.098	0.910	478.481	1.043	13.671	7.856
118	299	11.824	14.554	11.978	14.914	13.925	10.108	865.513	109.801	45.723	127.073	41.899	0.812	0.793	0.629	0.726	0.660	0.864	0.136	0.916	0.615	2.81804637552689152E18	0.421	0.000	439.204	Accept	Reject	Reject	Reject	Reject	Reject	Reject	1.245	0.803	508.291	1.378	0.000	0.000
82	216	12.127	14.342	11.798	14.421	12.667	11.788	933.834	115.506	45.056	126.831	41.723	0.846	0.841	0.707	0.931	0.715	0.911	0.089	0.926	0.679	2.63529438307827661E18	0.414	0.000	462.023	Accept	Reject	Reject	Reject	Reject	Reject	Reject	1.222	0.818	507.325	1.075	0.000	0.000
83	216	11.341	13.784	11.761	14.032	11.550	11.256	763.803	101.021	43.304	117.517	39.860	0.823	0.808	0.653	0.975	0.677	0.860	0.140	0.920	0.612	2.77997645546357504E18	0.406	0.000	404.084	Accept	Reject	Reject	Reject	Reject	Reject	Reject	1.193	0.838	470.068	1.026	0.000	0.000
20	114	12.573	14.044	11.747	14.639	13.627	11.741	1040.624	124.152	44.119	134.199	42.738	0.895	0.859	0.738	0.862	0.802	0.925	0.075	0.969	0.722	2.6561587425855401E18	0.422	0.000	496.608	Accept	Reject	Reject	Reject	Reject	Reject	Reject	1.246	0.802	536.795	1.161	0.000	0.000
125	312	12.552	14.210	11.729	15.398	13.639	11.628	1035.421	123.738	44.643	132.969	42.577	0.883	0.815	0.664	0.853	0.780	0.931	0.069	0.954	0.685	3.82681323003448115E18	0.423	0.000	494.951	Accept	Reject	Reject	Reject	Reject	Reject	Reject	1.313	0.762	531.875	1.173	0.000	0.000
24	125	11.017	15.200	11.636	14.202	12.066	10.184	700.109	95.324	47.752	122.954	41.044	0.725	0.776	0.602	0.844	0.525	0.775	0.225	0.860	0.577	5.08522667298911027E18	0.421	1.446	381.295	Accept	Reject	Reject	Reject	Reject	Reject	Reject	1.221	0.819	491.815	1.185	18.808	5.068
157	414	10.358	15.018	11.564	13.401	12.080	8.986	581.951	84.272	47.182	111.902	39.398	0.690	0.773	0.597	0.744	0.476	0.753	0.247	0.835	0.544	3.8273772643462359E18	0.426	0.000	337.087	Accept	Reject	Reject	Reject	Reject	Reject	Reject	1.159	0.863	447.607	1.344	19.202	4.389
41	153	12.271	14.573	11.525	15.069	13.761	11.106	967.454	118.262	45.784	132.270	42.588	0.842	0.814	0.663	0.807	0.709	0.894	0.106	0.930	0.681	2.79802652031873485E18	0.409	0.000	473.047	Accept	Reject	Reject	Reject	Reject	Reject	Reject	1.308	0.765	529.081	1.239	0.000	0.000
3	90	11.474	13.691	11.286	13.751	12.233	10.902	790.858	103.393	43.011	116.068	39.774	0.838	0.834	0.696	0.891	0.702	0.891	0.109	0.925	0.666	3.646634549806272E18	0.448	0.000	413.571	Accept	Reject	Reject	Reject	Reject	Reject	Reject	1.218	0.821	464.274	1.122	0.000	0.000
56	185	9.772	14.712	11.223	14.011	10.455	9.635	488.562	74.996	46.218	106.646	38.965	0.664	0.697	0.486	0.922	0.441	0.703	0.297	0.843	0.477	3.79297024590242867E18	0.424	0.000	299.984	Accept	Reject	Reject	Reject	Reject	Reject	Reject	1.248	0.801	426.585	1.085	17.506	4.284
154	404	11.653	12.436	11.142	13.035	12.140	11.216	828.516	106.649	39.068	110.936	38.488	0.937	0.894	0.799	0.924	0.878	0.961	0.039	0.985	0.734	2.63758138351733555E18	0.382	0.000	426.597	Accept	Reject	Reject	Reject	Reject	Reject	Reject	1.170	0.855	443.744	1.082	0.000	0.000
152	402	11.377	13.391	11.083	14.026	12.639	10.438	771.044	101.658	42.068	116.004	39.698	0.850	0.811	0.658	0.826	0.722	0.876	0.124	0.944	0.654	3.81133657390599373E18	0.444	0.000	406.634	Accept	Reject	Reject	Reject	Reject	Reject	Reject	1.266	0.790	464.017	1.211	0.000	0.000
66	197	11.095	12.055	10.983	12.708	11.521	10.787	715.215	96.690	37.871	102.553	36.952	0.920	0.873	0.762	0.936	0.847	0.943	0.057	0.976	0.693	2.63529439919966618E18	0.391	1.714	386.760	Accept	Reject	Reject	Reject	Reject	Reject	Reject	1.157	0.864	410.211	1.068	0.000	0.000
120	299	10.902	12.696	10.884	13.672	11.525	10.343	678.391	93.342	39.886	103.288	37.574	0.859	0.797	0.636	0.897	0.737	0.904	0.096	0.942	0.627	3.64466366688814285E18	0.413	0.000	373.368	Accept	Reject	Reject	Reject	Reject	Reject	Reject	1.256	0.796	413.150	1.114	0.000	0.000
169	448	11.669	12.796	10.866	13.077	12.724	10.740	831.986	106.947	40.201	113.435	38.965	0.912	0.892	0.796	0.844	0.832	0.943	0.057	0.969	0.753	3.66267813304702976E18	0.418	0.000	427.788	Accept	Reject	Reject	Reject	Reject	Reject	Reject	1.203	0.831	453.741	1.185	0.000	0.000
39	152	11.365	14.784	10.839	14.368	12.744	10.331	768.592	101.443	46.445	121.385	40.789	0.769	0.791	0.626	0.811	0.591	0.836	0.164	0.878	0.651	3.66045595213122714E18	0.410	0.000	405.771	Accept	Reject	Reject	Reject	Reject	Reject	Reject	1.326	0.754	485.540	1.234	15.056	6.738
36	146	10.935	13.336	10.829	13.653	11.940	10.113	684.662	93.916	41.898	108.610	38.281	0.820	0.801	0.642	0.847	0.672	0.865	0.135	0.914	0.635	2.63564143267439462E18	0.408	0.000	375.666	Accept	Reject	Reject	Reject	Reject	Reject	Reject	1.261	0.793	434.441	1.181	0.000	0.000
102	267	11.541	13.254	10.780	13.872	12.823	10.438	804.841	104.608	41.639	113.458	39.760	0.871	0.832	0.692	0.814	0.758	0.922	0.078	0.955	0.699	3.78853256434830541E18	0.414	0.000	418.431	Accept	Reject	Reject	Reject	Reject	Reject	Reject	1.287	0.777	453.832	1.229	0.000	0.000
124	312	10.787	11.976	10.693	12.388	11.499	10.207	657.197	91.388	37.622	98.300	36.128	0.901	0.871	0.758	0.888	0.811	0.930	0.070	0.960	0.690	3.82709966249446656E18	0.414	0.000	365.551	Accept	Reject	Reject	Reject	Reject	Reject	Reject	1.158	0.863	393.201	1.127	0.000	0.000
5	94	10.408	12.407	10.581	12.453	11.321	9.829	590.402	85.086	38.978	97.580	36.282	0.839	0.836	0.699	0.868	0.704	0.872	0.128	0.931	0.646	2.78422992571047066E18	0.433	0.723	340.342	Accept	Reject	Reject	Reject	Reject	Reject	Reject	1.177	0.850	390.321	1.152	0.000	0.000
25	125	10.658	11.615	10.431	11.921	11.219	10.134	633.878	89.213	36.489	94.534	35.596	0.918	0.894	0.799	0.903	0.842	0.944	0.056	0.976	0.717	2.63786341791747277E18	0.419	0.000	356.852	Accept	Reject	Reject	Reject	Reject	Reject	Reject	1.143	0.875	378.137	1.107	0.000	0.000
92	246	9.994	13.004	10.410	13.000	11.047	9.580	522.596	78.439	40.853	95.147	36.248	0.768	0.769	0.591	0.867	0.591	0.824	0.176	0.887	0.580	2.67360641895258522E18	0.427	0.000	313.758	Accept	Reject	Reject	Reject	Reject	Reject	Reject	1.249	0.801	380.589	1.153	12.074	6.496
165	432	10.013	12.410	10.409	12.079	10.537	9.756	525.614	78.741	38.987	90.946	35.179	0.807	0.829	0.687	0.926	0.651	0.866	0.134	0.902	0.626	3.79328644233795994E18	0.412	1.000	314.965	Accept	Reject	Reject	Reject	Reject	Reject	Reject	1.160	0.862	363.783	1.080	0.000	0.000
23	125	11.114	11.998	10.392	12.777	12.238	10.114	718.879	97.020	37.693	102.798	36.771	0.926	0.870	0.757	0.826	0.858	0.944	0.056	0.976	0.731	2.63786292075662541E18	0.417	0.000	388.080	Accept	Reject	Reject	Reject	Reject	Reject	Reject	1.230	0.813	411.191	1.210	0.000	0.000
90	233	10.456	12.398	10.391	12.735	11.103	9.929	598.565	85.868	38.950	97.270	36.195	0.843	0.821	0.674	0.894	0.711	0.883	0.117	0.929	0.649	3.7910659090813824E18	0.404	0.000	343.472	Accept	Reject	Reject	Reject	Reject	Reject	Reject	1.226	0.816	389.082	1.118	0.000	0.000
81	213	10.797	12.061	10.379	12.865	11.646	10.177	659.054	91.560	37.890	99.309	36.762	0.895	0.839	0.704	0.874	0.801	0.922	0.078	0.970	0.686	2.63532572776489779E18	0.413	0.000	366.239	Accept	Reject	Reject	Reject	Reject	Reject	Reject	1.240	0.807	397.237	1.144	0.000	0.000
88	231	10.229	11.391	10.359	11.372	10.601	9.874	560.481	82.186	35.786	88.407	34.222	0.898	0.900	0.809	0.931	0.806	0.930	0.070	0.956	0.698	2.65390694183419546E18	0.417	0.000	328.744	Accept	Reject	Reject	Reject	Reject	Reject	Reject	1.098	0.911	353.630	1.074	0.000	0.000
67	197	11.698	12.463	10.324	13.559	13.357	10.284	838.154	107.475	39.154	111.711	38.555	0.939	0.863	0.744	0.770	0.881	0.962	0.038	0.985	0.768	2.63786340073573581E18	0.414	0.000	429.899	Accept	Reject	Reject	Reject	Reject	Reject	Reject	1.313	0.761	446.845	1.299	0.000	0.000
101	266	10.603	13.022	10.225	13.731	12.476	9.168	624.214	88.304	40.909	104.157	37.950	0.814	0.772	0.596	0.735	0.663	0.848	0.152	0.928	0.629	3.81330676990450432E18	0.428	0.000	353.215	Accept	Reject	Reject	Reject	Reject	Reject	Reject	1.343	0.745	416.628	1.361	0.000	0.000
12	108	10.352	11.899	10.224	12.698	11.231	9.712	580.871	84.167	37.382	91.985	35.334	0.870	0.815	0.665	0.865	0.757	0.915	0.085	0.945	0.648	2.67417375969035008E18	0.412	0.000	336.670	Accept	Reject	Reject	Reject	Reject	Reject	Reject	1.242	0.805	367.938	1.156	0.000	0.000
75	203	8.973	12.336	10.178	10.913	9.846	8.418	378.292	63.238	38.756	82.890	33.337	0.727	0.822	0.676	0.855	0.529	0.763	0.237	0.860	0.569	3.64885115031617894E18	0.429	0.000	252.951	Accept	Reject	Reject	Reject	Reject	Reject	Reject	1.072	0.933	331.560	1.170	13.003	4.863
162	423	10.340	11.140	10.170	11.905	11.313	9.572	578.833	83.970	34.999	87.469	34.627	0.928	0.869	0.754	0.846	0.861	0.960	0.040	0.989	0.694	2.78226454881029325E18	0.404	0.000	335.882	Accept	Reject	Reject	Reject	Reject	Reject	Reject	1.171	0.854	349.877	1.182	0.000	0.000
156	413	9.733	12.365	10.166	12.284	10.375	9.438	482.751	74.400	38.847	89.779	35.066	0.787	0.792	0.628	0.910	0.620	0.829	0.171	0.903	0.596	3.77495194541860045E18	0.434	1.500	297.600	Accept	Reject	Reject	Reject	Reject	Reject	Reject	1.208	0.828	359.115	1.099	10.323	7.207
149	397	9.564	14.890	9.973	13.401	10.465	8.958	458.033	71.838	46.779	99.468	37.420	0.642	0.714	0.509	0.856	0.413	0.722	0.278	0.800	0.537	5.0864434286658519E18	0.425	0.000	287.353	Accept	Reject	Reject	Reject	Reject	Reject	Reject	1.344	0.744	397.873	1.168	19.752	3.637
4	92	9.564	13.212	9.973	12.982	10.241	8.986	458.033	71.838	41.507	88.416	35.406	0.724	0.737	0.543	0.877	0.524	0.812	0.188	0.853	0.555	455833709408710656	0.430	0.000	287.353	Accept	Reject	Reject	Reject	Reject	Reject	Reject	1.302	0.768	353.665	1.140	16.363	4.390
46	173	10.919	13.098	9.942	14.365	13.596	8.961	681.660	93.642	41.149	105.927	38.298	0.834	0.760	0.578	0.659	0.695	0.884	0.116	0.931	0.656	2.65390644334792243E18	0.420	0.000	374.567	Accept	Reject	Reject	Reject	Reject	Reject	Reject	1.445	0.692	423.707	1.517	0.000	0.000
43	160	9.989	11.940	9.909	12.859	11.149	9.213	521.937	78.374	37.510	89.540	35.295	0.837	0.777	0.603	0.826	0.700	0.875	0.125	0.941	0.615	2.65134288070187469E18	0.406	0.000	313.494	Accept	Reject	Reject	Reject	Reject	Reject	Reject	1.298	0.771	358.159	1.210	0.000	0.000
52	181	10.202	11.761	9.872	12.495	11.420	9.278	555.954	81.743	36.947	92.025	35.644	0.867	0.816	0.667	0.812	0.752	0.888	0.112	0.965	0.663	3.82907005496039834E18	0.419	0.000	326.972	Accept	Reject	Reject	Reject	Reject	Reject	Reject	1.266	0.790	368.100	1.231	0.000	0.000
51	179	10.161	11.485	9.801	12.541	11.344	9.198	549.339	81.093	36.080	88.486	34.846	0.885	0.810	0.656	0.811	0.783	0.916	0.084	0.966	0.660	329732926283706880	0.440	0.000	324.373	Accept	Reject	Reject	Reject	Reject	Reject	Reject	1.280	0.781	353.943	1.233	0.000	0.000
87	225	11.149	13.821	9.764	15.646	13.195	9.551	725.702	97.633	43.419	111.927	40.313	0.807	0.713	0.508	0.724	0.651	0.872	0.128	0.928	0.639	5.09035000336718643E18	0.434	0.000	390.532	Accept	Reject	Reject	Reject	Reject	Reject	Reject	1.602	0.624	447.706	1.381	0.000	0.000
137	376	9.848	12.673	9.638	12.257	11.305	8.798	500.012	76.163	39.814	93.074	36.145	0.777	0.803	0.645	0.778	0.604	0.818	0.182	0.908	0.645	4.10185401923302298E18	0.444	0.000	304.652	Accept	Reject	Reject	Reject	Reject	Reject	Reject	1.272	0.786	372.295	1.285	11.889	6.406
68	197	9.296	12.675	9.627	11.921	9.536	8.990	420.637	67.873	39.821	84.059	34.094	0.733	0.780	0.608	0.943	0.538	0.807	0.193	0.856	0.591	3.8113293499139031E18	0.418	0.000	271.491	Accept	Reject	Reject	Reject	Reject	Reject	Reject	1.238	0.808	336.236	1.061	13.224	5.132
19	112	10.060	12.981	9.610	13.174	11.695	9.033	533.039	79.481	40.781	96.825	36.876	0.775	0.764	0.583	0.772	0.601	0.821	0.179	0.904	0.628	2.6510609158465449E18	0.413	0.000	317.924	Accept	Reject	Reject	Reject	Reject	Reject	Reject	1.371	0.729	387.300	1.295	11.503	6.909
11	106	10.479	12.856	9.527	14.554	11.677	9.429	602.517	86.246	40.390	99.256	37.625	0.815	0.720	0.518	0.808	0.664	0.869	0.131	0.932	0.622	2.65837981739302912E18	0.410	0.000	344.982	Accept	Reject	Reject	Reject	Reject	Reject	Reject	1.528	0.655	397.023	1.238	0.000	0.000
31	136	12.056	13.951	9.501	17.107	15.377	9.469	917.463	114.152	43.828	123.244	42.537	0.864	0.705	0.497	0.616	0.747	0.926	0.074	0.971	0.702	2.79802211245798554E18	0.424	0.000	456.608	Accept	Reject	Reject	Reject	Reject	Reject	Reject	1.801	0.555	492.975	1.624	0.000	0.000
38	152	9.569	10.659	9.462	10.865	9.813	9.470	458.778	71.916	33.486	78.198	32.731	0.898	0.881	0.776	0.965	0.806	0.920	0.080	0.977	0.700	349752783420260352	0.423	0.000	287.664	Accept	Reject	Reject	Reject	Reject	Reject	Reject	1.148	0.871	312.790	1.036	0.000	0.000
167	444	10.140	12.792	9.437	14.087	10.956	9.327	545.823	80.747	40.187	93.903	36.626	0.793	0.720	0.518	0.851	0.628	0.860	0.140	0.911	0.607	3.77555344914618778E18	0.428	0.000	322.987	Accept	Reject	Reject	Reject	Reject	Reject	Reject	1.493	0.670	375.613	1.175	0.000	0.000
116	291	9.378	10.219	9.403	10.513	9.610	9.154	431.864	69.075	32.104	71.838	31.512	0.918	0.892	0.796	0.953	0.842	0.962	0.038	0.982	0.699	120780769460305	0.452	0.000	276.301	Accept	Reject	Reject	Reject	Reject	Reject	Reject	1.118	0.894	287.353	1.050	0.000	0.000
10	102	9.925	11.277	9.403	11.987	10.076	9.786	511.887	77.364	35.428	82.890	33.459	0.880	0.828	0.686	0.971	0.775	0.933	0.067	0.944	0.686	5156475172581385	0.441	0.000	309.457	Accept	Reject	Reject	Reject	Reject	Reject	Reject	1.275	0.784	331.561	1.030	9.898	7.816
57	186	10.268	13.924	9.381	13.669	11.641	9.083	566.842	82.807	43.745	101.540	37.607	0.737	0.751	0.564	0.780	0.544	0.816	0.184	0.860	0.646	3.81133218325384397E18	0.434	0.000	331.227	Accept	Reject	Reject	Reject	Reject	Reject	Reject	1.457	0.686	406.158	1.282	14.758	5.611
100	265	8.982	12.105	9.289	11.390	10.658	7.634	379.451	63.367	38.029	77.187	32.378	0.742	0.789	0.622	0.716	0.551	0.821	0.179	0.851	0.599	3.82937893373686989E18	0.417	0.000	253.467	Accept	Reject	Reject	Reject	Reject	Reject	Reject	1.226	0.816	308.748	1.396	13.116	4.831
136	375	10.268	11.946	9.243	12.808	11.596	9.241	566.766	82.799	37.529	91.683	35.810	0.860	0.802	0.643	0.797	0.739	0.903	0.097	0.954	0.699	2.63814441157521818E18	0.426	0.000	331.197	Accept	Reject	Reject	Reject	Reject	Reject	Reject	1.386	0.722	366.731	1.255	0.000	0.000
110	279	10.631	13.698	9.242	13.701	12.596	9.165	629.077	88.762	43.032	103.996	38.295	0.776	0.776	0.602	0.728	0.602	0.854	0.146	0.890	0.701	3.64442121573414042E18	0.435	0.000	355.048	Accept	Reject	Reject	Reject	Reject	Reject	Reject	1.482	0.675	415.983	1.374	13.042	6.806
32	137	9.494	10.837	9.189	11.341	10.751	8.526	448.036	70.789	34.047	78.289	32.671	0.876	0.837	0.701	0.793	0.767	0.904	0.096	0.960	0.679	2.65837650921285222E18	0.408	0.000	283.156	Accept	Reject	Reject	Reject	Reject	Reject	Reject	1.234	0.810	313.154	1.261	0.000	0.000
126	321	9.164	12.375	9.154	13.015	10.232	8.751	402.943	65.956	38.877	82.282	34.225	0.741	0.704	0.496	0.855	0.548	0.802	0.198	0.880	0.554	3.77502231724824576E18	0.440	1.333	263.823	Accept	Reject	Reject	Reject	Reject	Reject	Reject	1.422	0.703	329.129	1.169	12.445	5.300
9	101	9.379	11.552	9.079	12.140	10.985	8.319	431.920	69.081	36.292	79.261	33.815	0.812	0.773	0.597	0.757	0.659	0.872	0.128	0.932	0.627	473812397413072960	0.414	0.000	276.325	Accept	Reject	Reject	Reject	Reject	Reject	Reject	1.337	0.748	317.043	1.320	0.000	0.000
155	411	8.857	10.913	9.012	11.387	9.313	8.727	363.830	61.616	34.284	71.662	31.886	0.812	0.778	0.605	0.937	0.659	0.860	0.140	0.930	0.600	2.63532957714350438E18	0.444	0.000	246.462	Accept	Reject	Reject	Reject	Reject	Reject	Reject	1.264	0.791	286.648	1.067	0.000	0.000
96	257	9.536	11.355	8.994	11.564	11.218	8.195	454.050	71.421	35.674	80.339	33.069	0.840	0.825	0.680	0.730	0.705	0.889	0.111	0.927	0.687	329486077215612416	0.428	0.000	285.684	Accept	Reject	Reject	Reject	Reject	Reject	Reject	1.286	0.778	321.357	1.369	0.000	0.000
28	132	8.153	10.118	8.930	9.796	9.084	7.536	283.808	52.212	31.788	60.657	29.427	0.806	0.832	0.693	0.830	0.649	0.861	0.139	0.926	0.597	59552082562351752	0.448	0.438	208.850	Accept	Reject	Reject	Reject	Reject	Reject	Reject	1.097	0.912	242.626	1.205	0.000	0.000
146	387	9.543	10.555	8.918	11.329	11.072	8.315	454.979	71.518	33.159	77.053	32.423	0.904	0.842	0.709	0.751	0.817	0.928	0.072	0.978	0.708	329737255625392128	0.409	0.000	286.074	Accept	Reject	Reject	Reject	Reject	Reject	Reject	1.270	0.787	308.210	1.332	0.000	0.000
141	379	8.711	11.400	8.885	10.829	9.665	8.094	346.114	59.599	35.814	72.274	31.929	0.764	0.804	0.647	0.837	0.584	0.825	0.175	0.892	0.619	56939615943626248	0.439	1.313	238.395	Accept	Reject	Reject	Reject	Reject	Reject	Reject	1.219	0.821	289.096	1.194	10.144	5.875
140	377	8.242	12.705	8.856	10.859	8.667	8.085	293.105	53.347	39.913	73.898	31.607	0.649	0.759	0.576	0.933	0.421	0.722	0.278	0.792	0.555	3.68216539610136678E18	0.448	0.000	213.386	Accept	Reject	Reject	Reject	Reject	Reject	Reject	1.226	0.816	295.592	1.072	15.111	3.530
113	285	8.663	10.011	8.533	9.989	9.287	8.103	340.403	58.941	31.451	65.097	29.717	0.865	0.867	0.752	0.873	0.749	0.905	0.095	0.945	0.692	5152626760741377	0.438	0.000	235.765	Accept	Reject	Reject	Reject	Reject	Reject	Reject	1.171	0.854	260.388	1.146	0.000	0.000
139	377	9.532	10.810	8.378	12.234	10.653	8.525	453.525	71.366	33.962	76.875	32.973	0.882	0.779	0.607	0.800	0.778	0.928	0.072	0.971	0.696	59486102202613832	0.419	0.000	285.464	Accept	Reject	Reject	Reject	Reject	Reject	Reject	1.460	0.685	307.500	1.250	0.000	0.000
119	299	8.246	9.780	8.369	9.985	8.918	7.666	293.606	53.407	30.726	60.861	28.689	0.843	0.826	0.682	0.860	0.711	0.878	0.122	0.934	0.639	890361314275392	0.421	0.000	213.629	Accept	Reject	Reject	Reject	Reject	Reject	Reject	1.193	0.838	243.444	1.163	0.000	0.000
35	146	8.871	10.455	8.348	11.211	10.176	7.928	365.499	61.804	32.847	68.408	30.803	0.848	0.791	0.626	0.779	0.720	0.903	0.097	0.938	0.660	5226904162369609	0.437	0.000	247.215	Accept	Reject	Reject	Reject	Reject	Reject	Reject	1.343	0.745	273.630	1.284	0.000	0.000
8	101	8.482	10.093	8.247	10.813	9.519	7.724	319.553	56.509	31.709	64.569	30.029	0.840	0.784	0.615	0.811	0.706	0.875	0.125	0.947	0.634	5182931080867848	0.420	0.000	226.037	Accept	Reject	Reject	Reject	Reject	Reject	Reject	1.311	0.763	258.276	1.232	0.000	0.000
98	259	7.726	10.245	8.205	10.676	8.313	7.621	241.454	46.879	32.186	61.293	29.517	0.754	0.724	0.524	0.917	0.569	0.765	0.235	0.917	0.535	41458568355897352	0.438	0.438	187.517	Accept	Reject	Reject	Reject	Reject	Reject	Reject	1.301	0.769	245.172	1.091	0.000	0.000
42	158	9.378	10.231	8.190	11.882	11.304	7.767	431.813	69.070	32.142	71.597	31.819	0.917	0.789	0.623	0.687	0.840	0.965	0.035	0.990	0.710	41256190690168840	0.427	0.000	276.279	Accept	Reject	Reject	Reject	Reject	Reject	Reject	1.451	0.689	286.390	1.455	0.000	0.000
47	174	8.321	9.083	7.663	9.798	9.143	7.559	301.671	54.381	28.535	57.890	28.070	0.916	0.849	0.721	0.827	0.839	0.939	0.061	0.984	0.724	5156474214645768	0.425	0.000	217.523	Accept	Reject	Reject	Reject	Reject	Reject	Reject	1.279	0.782	231.559	1.210	0.000	0.000
94	254	8.624	9.679	7.619	10.435	9.765	7.794	335.803	58.409	30.407	62.420	29.646	0.891	0.826	0.683	0.798	0.794	0.936	0.064	0.975	0.735	41221065507831808	0.441	0.000	233.636	Accept	Reject	Reject	Reject	Reject	Reject	Reject	1.370	0.730	249.679	1.253	0.000	0.000
55	184	8.954	9.636	7.600	10.984	10.088	7.953	375.856	62.966	30.271	64.840	29.991	0.929	0.815	0.665	0.788	0.863	0.971	0.029	0.991	0.754	7444009246785545	0.421	0.000	251.863	Accept	Reject	Reject	Reject	Reject	Reject	Reject	1.445	0.692	259.359	1.269	0.000	0.000
21	119	7.534	9.506	7.554	9.311	8.872	6.462	223.934	44.583	29.864	53.568	27.206	0.793	0.809	0.655	0.728	0.628	0.832	0.168	0.911	0.634	121338161008785	0.442	0.000	178.333	Accept	Reject	Reject	Reject	Reject	Reject	Reject	1.233	0.811	214.273	1.373	0.000	0.000
130	349	7.647	9.976	7.490	10.448	8.261	7.145	234.172	45.932	31.341	56.097	28.329	0.767	0.732	0.536	0.865	0.588	0.819	0.181	0.904	0.587	934350533394504	0.434	0.000	183.728	Accept	Reject	Reject	Reject	Reject	Reject	Reject	1.395	0.717	224.389	1.156	0.000	0.000
78	206	7.426	9.506	7.179	10.849	8.660	6.536	214.432	43.313	29.865	51.591	27.601	0.781	0.685	0.469	0.755	0.610	0.840	0.160	0.924	0.556	121261802102345	0.458	0.000	173.252	Accept	Reject	Reject	Reject	Reject	Reject	Reject	1.511	0.662	206.362	1.325	0.000	0.000
76	204	6.978	8.114	7.106	8.403	7.732	6.573	177.942	38.248	25.492	43.475	24.442	0.860	0.831	0.690	0.850	0.740	0.880	0.120	0.959	0.641	80991097679873	0.449	0.000	152.993	Accept	Reject	Reject	Reject	Reject	Reject	Reject	1.183	0.846	173.902	1.176	0.000	0.000
1	82	6.795	8.747	7.043	9.107	7.734	6.115	164.265	36.262	27.479	43.110	25.202	0.777	0.746	0.557	0.791	0.603	0.841	0.159	0.917	0.565	1894835023945	0.447	0.000	145.049	Accept	Reject	Reject	Reject	Reject	Reject	Reject	1.293	0.773	172.438	1.265	0.000	0.000
18	112	7.274	10.044	6.740	10.922	8.682	6.266	201.559	41.562	31.554	51.080	28.149	0.724	0.666	0.444	0.722	0.525	0.814	0.186	0.892	0.565	643949509156360	0.445	0.000	166.246	Accept	Reject	Reject	Reject	Reject	Reject	Reject	1.620	0.617	204.321	1.386	9.569	4.343
109	279	7.733	8.284	6.649	8.951	8.506	6.996	242.164	46.971	26.025	48.353	25.729	0.934	0.864	0.746	0.822	0.871	0.971	0.029	0.989	0.789	1258907463169	0.445	0.000	187.884	Accept	Reject	Reject	Reject	Reject	Reject	Reject	1.346	0.743	193.410	1.216	0.000	0.000
48	174	6.030	8.082	6.559	8.408	6.300	5.869	114.829	28.562	25.391	35.844	23.455	0.746	0.717	0.514	0.931	0.557	0.797	0.203	0.924	0.518	14539116241416	0.456	0.000	114.249	Accept	Reject	Reject	Reject	Reject	Reject	Reject	1.282	0.780	143.375	1.074	0.000	0.000
54	183	6.631	8.412	6.454	8.476	7.290	6.188	152.687	34.538	26.429	42.827	25.095	0.788	0.782	0.612	0.849	0.621	0.806	0.194	0.950	0.631	304770646097	0.465	3.750	138.150	Accept	Reject	Reject	Reject	Reject	Reject	Reject	1.313	0.761	171.306	1.178	9.627	3.588
172	458	7.159	8.780	6.198	9.337	9.044	5.854	192.095	40.250	27.582	46.572	25.564	0.815	0.767	0.588	0.647	0.665	0.864	0.136	0.927	0.695	86015022493713	0.454	0.000	161.001	Accept	Reject	Reject	Reject	Reject	Reject	Reject	1.506	0.664	186.287	1.545	0.000	0.000
175	485	6.450	6.963	6.012	7.599	7.009	5.938	140.517	32.677	21.874	33.923	21.731	0.926	0.849	0.721	0.847	0.858	0.963	0.037	0.993	0.715	1257967706112	0.440	0.000	130.708	Accept	Reject	Reject	Reject	Reject	Reject	Reject	1.264	0.791	135.693	1.180	0.000	0.000
2	90	6.192	6.802	5.820	7.746	6.760	5.687	124.299	30.112	21.369	31.099	21.308	0.910	0.799	0.639	0.841	0.829	0.968	0.032	0.997	0.668	157380181505	0.423	0.000	120.447	Accept	Reject	Reject	Reject	Reject	Reject	Reject	1.331	0.751	124.396	1.189	0.000	0.000
99	262	5.377	6.252	4.430	7.563	6.901	4.135	81.404	22.708	19.642	24.739	19.189	0.860	0.711	0.506	0.599	0.740	0.918	0.082	0.977	0.678	19809369097	0.452	1.563	90.834	Accept	Reject	Reject	Reject	Reject	Reject	Reject	1.707	0.586	98.957	1.669	0.000	0.000
6	97	4.586	5.914	4.222	7.223	5.269	4.010	50.495	16.517	18.580	19.616	17.718	0.775	0.635	0.403	0.761	0.601	0.842	0.158	0.954	0.542	2474306617	0.448	0.000	66.067	Accept	Reject	Reject	Reject	Reject	Reject	Reject	1.711	0.584	78.462	1.314	0.000	0.000
91	238	3.988	4.455	3.740	5.286	4.488	3.657	33.200	12.489	13.996	12.599	13.979	0.895	0.754	0.569	0.815	0.801	0.991	0.009	0.999	0.632	609152	0.000	0.000	49.955	Accept	Reject	Reject	Reject	Reject	Reject	Reject	1.413	0.708	50.397	1.227	7.052	0.000
150	398	4.062	4.900	3.524	5.785	5.685	3.059	35.091	12.959	15.392	14.672	15.060	0.829	0.702	0.493	0.538	0.687	0.883	0.117	0.978	0.636	969729	0.000	0.000	51.834	Accept	Reject	Reject	Reject	Reject	Reject	Reject	1.642	0.609	58.686	1.859	4.689	1.473
