Id	Img Id	Da	Dp	FWidth	FLength	ELength	EWidth	Volume	Area	Perimeter	CHull  Area	CHull Perimeter	Sphericity	Compactness	Roundness	Ellipse Ratio	Circularity	Solidity	Concavity	Convexity	Extent	hash	Transparency	Curvature	Surface Area	Filter0	Filter1	Filter2	Filter3	Filter4	Filter5	Filter6	L/W Ratio	W/L Aspect Ratio	CHull Surface Area	Ellipticity
 	 	µm	µm	µm	µm	µm	µm	µm³	µm²	µm	µm²	µm	 	 	 	 	 	 	 	 	 	 	 	 	µm²	 	 	 	 	 	 	 	 	 	µm²	 
267	209	105.361	122.974	80.414	143.545	143.154	79.035	612412.670	8718.736	386.334	9049.194	363.708	0.857	0.734	0.539	0.552	0.734	0.963	0.037	0.941	0.755	2.7633246669127814E18	0.219	0.000	34874.946	Accept	Reject	Reject	Reject	Reject	Reject	Reject	1.785	0.560	36196.776	1.811
206	194	104.566	134.269	73.863	166.002	167.737	67.697	598648.086	8587.601	421.820	9409.433	397.208	0.779	0.630	0.397	0.404	0.606	0.913	0.087	0.942	0.700	3.6440901045364461E18	0.214	0.000	34350.403	Accept	Reject	Reject	Reject	Reject	Reject	Reject	2.247	0.445	37637.733	2.478
226	199	96.858	110.079	66.619	139.631	139.694	67.598	475783.255	7368.237	345.824	7536.769	339.938	0.880	0.694	0.481	0.484	0.774	0.978	0.022	0.983	0.792	2.7796821886769792E18	0.178	0.000	29472.949	Accept	Reject	Reject	Reject	Reject	Reject	Reject	2.096	0.477	30147.078	2.067
355	243	94.613	127.105	63.342	155.558	168.394	57.760	443457.282	7030.594	399.312	7885.390	370.433	0.744	0.608	0.370	0.343	0.554	0.892	0.108	0.928	0.714	3.790423016306489E18	0.244	0.000	28122.375	Accept	Reject	Reject	Reject	Reject	Reject	Reject	2.456	0.407	31541.560	2.915
54	152	94.519	104.337	86.712	104.232	103.805	86.372	442137.310	7016.635	327.784	7199.702	305.601	0.906	0.907	0.822	0.832	0.821	0.975	0.025	0.932	0.776	3.7884565397583757E18	0.211	0.000	28066.540	Accept	Reject	Reject	Reject	Reject	Reject	Reject	1.202	0.832	28798.807	1.202
279	212	93.817	101.955	89.591	106.328	98.764	90.196	432362.838	6912.838	320.302	7192.257	307.381	0.920	0.882	0.779	0.913	0.847	0.961	0.039	0.960	0.726	3.9348592455207616E18	0.202	0.000	27651.353	Accept	Reject	Reject	Reject	Reject	Reject	Reject	1.187	0.843	28769.029	1.095
249	204	93.674	112.843	70.103	138.914	134.052	67.925	430388.279	6891.774	354.506	7284.040	339.232	0.830	0.674	0.455	0.507	0.689	0.946	0.054	0.957	0.708	2.6352497827702554E18	0.217	0.000	27567.098	Accept	Reject	Reject	Reject	Reject	Reject	Reject	1.982	0.505	29136.159	1.974
137	177	91.216	104.150	83.545	105.826	104.740	82.272	397380.893	6534.747	327.196	6782.742	305.899	0.876	0.862	0.743	0.785	0.767	0.963	0.037	0.935	0.739	3.7884565397583776E18	0.220	0.000	26138.987	Accept	Reject	Reject	Reject	Reject	Reject	Reject	1.267	0.789	27130.969	1.273
302	219	91.002	102.612	77.032	121.539	115.492	72.808	394591.798	6504.134	322.364	6836.831	310.014	0.887	0.749	0.561	0.630	0.787	0.951	0.049	0.962	0.695	3.7901058072188774E18	0.185	0.000	26016.535	Accept	Reject	Reject	Reject	Reject	Reject	Reject	1.578	0.634	27347.324	1.586
23	137	90.934	111.248	73.536	121.537	122.553	68.503	393705.362	6494.390	349.495	6823.359	312.400	0.817	0.748	0.560	0.559	0.668	0.952	0.048	0.894	0.727	2.635288264605288E18	0.242	0.000	25977.559	Accept	Reject	Reject	Reject	Reject	Reject	Reject	1.653	0.605	27293.436	1.789
219	196	90.620	109.645	75.462	124.551	117.014	71.707	389647.619	6449.690	344.461	6768.285	313.863	0.826	0.728	0.529	0.613	0.683	0.953	0.047	0.911	0.686	2.6352800009162029E18	0.246	0.000	25798.758	Accept	Reject	Reject	Reject	Reject	Reject	Reject	1.651	0.606	27073.139	1.632
66	155	89.861	101.270	83.461	108.049	105.869	79.091	379933.685	6342.045	318.149	6719.004	300.941	0.887	0.832	0.692	0.747	0.787	0.944	0.056	0.946	0.703	3.8062203106857958E18	0.212	0.000	25368.180	Accept	Reject	Reject	Reject	Reject	Reject	Reject	1.295	0.772	26876.017	1.339
12	119	88.976	102.573	84.490	107.254	99.616	82.781	368817.501	6217.729	322.241	6635.494	303.021	0.867	0.830	0.688	0.831	0.752	0.937	0.063	0.940	0.686	2.6352491534020541E18	0.205	0.000	24870.917	Accept	Reject	Reject	Reject	Reject	Reject	Reject	1.269	0.788	26541.974	1.203
178	186	88.735	116.218	76.193	124.440	127.526	71.232	365838.846	6184.207	365.111	7240.878	327.965	0.764	0.713	0.508	0.559	0.583	0.854	0.146	0.898	0.652	2.635249162113624E18	0.267	0.000	24736.829	Accept	Reject	Reject	Reject	Reject	Reject	Reject	1.633	0.612	28963.512	1.790
117	172	88.592	118.597	63.006	127.871	136.496	60.298	364073.758	6164.299	372.582	6890.702	326.253	0.747	0.693	0.480	0.442	0.558	0.895	0.105	0.876	0.765	2.7613511038196589E18	0.276	0.000	24657.197	Accept	Reject	Reject	Reject	Reject	Reject	Reject	2.029	0.493	27562.806	2.264
306	220	88.520	112.579	86.267	96.266	91.940	85.457	363176.061	6154.162	353.678	6476.253	287.716	0.786	0.920	0.846	0.929	0.618	0.950	0.050	0.813	0.741	2.6530167888646733E18	0.253	0.000	24616.648	Accept	Reject	Reject	Reject	Reject	Reject	Reject	1.116	0.896	25905.011	1.076
221	197	88.402	96.359	81.614	108.871	104.973	76.815	361732.263	6137.841	302.720	6419.874	294.209	0.917	0.812	0.659	0.732	0.842	0.956	0.044	0.972	0.691	2.6352491533891798E18	0.175	0.000	24551.366	Accept	Reject	Reject	Reject	Reject	Reject	Reject	1.334	0.750	25679.497	1.367
344	238	87.851	106.975	68.447	128.964	134.762	60.798	355007.811	6061.536	336.070	6621.189	323.557	0.821	0.681	0.464	0.451	0.674	0.915	0.085	0.963	0.687	2.6352844064954214E18	0.194	0.000	24246.145	Accept	Reject	Reject	Reject	Reject	Reject	Reject	1.884	0.531	26484.758	2.217
57	152	87.223	110.804	67.402	129.246	128.971	62.109	347448.434	5975.180	348.101	6392.282	316.873	0.787	0.675	0.455	0.482	0.620	0.935	0.065	0.910	0.686	3.7881750647816653E18	0.246	0.000	23900.721	Accept	Reject	Reject	Reject	Reject	Reject	Reject	1.918	0.522	25569.130	2.077
109	170	86.682	101.257	78.263	114.670	106.138	74.514	341027.948	5901.342	318.109	6242.082	300.892	0.856	0.756	0.571	0.702	0.733	0.945	0.055	0.946	0.658	3.6463468619503795E18	0.213	0.000	23605.367	Accept	Reject	Reject	Reject	Reject	Reject	Reject	1.465	0.683	24968.328	1.424
215	196	86.677	100.212	68.614	120.252	118.281	65.907	340970.529	5900.679	314.824	6132.347	304.029	0.865	0.721	0.520	0.557	0.748	0.962	0.038	0.966	0.715	2.6352534827141165E18	0.212	0.000	23602.717	Accept	Reject	Reject	Reject	Reject	Reject	Reject	1.753	0.571	24529.386	1.795
180	188	86.621	99.941	74.591	116.461	107.186	71.475	340302.018	5892.965	313.973	6103.552	296.471	0.867	0.744	0.553	0.667	0.751	0.965	0.035	0.944	0.678	2.6352492211670314E18	0.207	0.000	23571.858	Accept	Reject	Reject	Reject	Reject	Reject	Reject	1.561	0.640	24414.210	1.500
177	186	86.571	95.339	85.505	92.178	88.135	85.241	339714.718	5886.182	299.517	6057.247	277.722	0.908	0.939	0.882	0.967	0.825	0.972	0.028	0.927	0.747	2.6352497032941584E18	0.217	0.000	23544.729	Accept	Reject	Reject	Reject	Reject	Reject	Reject	1.078	0.928	24228.986	1.034
280	212	86.447	92.133	78.711	98.008	95.328	78.797	338263.594	5869.408	289.445	5975.351	279.293	0.938	0.882	0.778	0.827	0.880	0.982	0.018	0.965	0.761	2.635288804661504E18	0.202	0.000	23477.631	Accept	Reject	Reject	Reject	Reject	Reject	Reject	1.245	0.803	23901.403	1.210
346	238	86.013	100.779	75.502	96.292	97.195	76.729	333189.070	5810.560	316.607	6040.450	282.001	0.853	0.893	0.798	0.789	0.728	0.962	0.038	0.891	0.799	2.6375014428459514E18	0.231	0.000	23242.239	Accept	Reject	Reject	Reject	Reject	Reject	Reject	1.275	0.784	24161.799	1.267
163	184	85.868	102.824	84.182	94.475	90.026	82.309	331504.307	5790.956	323.030	6048.570	278.487	0.835	0.909	0.826	0.914	0.697	0.957	0.043	0.862	0.728	2.6372508153941616E18	0.267	0.000	23163.823	Accept	Reject	Reject	Reject	Reject	Reject	Reject	1.122	0.891	24194.282	1.094
314	227	85.796	108.589	71.892	121.626	117.159	68.080	330672.804	5781.269	341.142	6435.878	309.095	0.790	0.705	0.498	0.581	0.624	0.898	0.102	0.906	0.661	2.6532640416571203E18	0.231	0.000	23125.075	Accept	Reject	Reject	Reject	Reject	Reject	Reject	1.692	0.591	25743.511	1.721
49	150	85.429	99.781	72.380	112.302	107.053	69.134	326450.204	5731.946	313.473	5968.305	290.197	0.856	0.761	0.579	0.646	0.733	0.960	0.040	0.926	0.705	2.6352491544776346E18	0.225	0.000	22927.783	Accept	Reject	Reject	Reject	Reject	Reject	Reject	1.552	0.645	23873.219	1.548
337	234	85.216	133.202	67.400	160.320	174.146	59.596	324012.300	5703.373	418.465	8003.922	383.796	0.640	0.532	0.283	0.342	0.409	0.713	0.287	0.917	0.528	2.7816513342386467E18	0.193	0.000	22813.493	Accept	Reject	Reject	Reject	Reject	Reject	Reject	2.379	0.420	32015.689	2.922
269	209	82.491	92.690	76.463	90.016	88.261	77.420	293908.176	5344.395	291.196	5523.489	267.915	0.890	0.916	0.840	0.877	0.792	0.968	0.032	0.920	0.776	2.6510469451812506E18	0.236	0.000	21377.580	Accept	Reject	Reject	Reject	Reject	Reject	Reject	1.177	0.849	22093.955	1.140
345	238	82.275	93.393	66.740	104.535	107.589	65.494	291605.281	5316.442	293.404	5708.042	281.140	0.881	0.787	0.619	0.609	0.776	0.931	0.069	0.958	0.762	2.6352535612530221E18	0.228	0.000	21265.768	Accept	Reject	Reject	Reject	Reject	Reject	Reject	1.566	0.638	22832.166	1.643
297	217	82.168	87.066	79.877	87.726	85.630	79.071	290473.253	5302.674	273.525	5405.099	262.566	0.944	0.937	0.877	0.923	0.891	0.981	0.019	0.960	0.757	3.7881745760967526E18	0.201	0.000	21210.695	Accept	Reject	Reject	Reject	Reject	Reject	Reject	1.098	0.911	21620.395	1.083
197	191	80.237	83.436	73.320	88.496	87.489	73.932	270475.173	5056.411	262.121	5146.978	258.804	0.962	0.907	0.822	0.845	0.925	0.982	0.018	0.987	0.779	2.6352491535383731E18	0.193	0.000	20225.644	Accept	Reject	Reject	Reject	Reject	Reject	Reject	1.207	0.829	20587.912	1.183
108	170	80.200	109.950	64.951	107.532	107.772	60.435	270099.444	5051.727	345.420	5414.766	278.808	0.729	0.746	0.556	0.561	0.532	0.933	0.067	0.807	0.723	2.7793644103339642E18	0.287	0.000	20206.910	Accept	Reject	Reject	Reject	Reject	Reject	Reject	1.656	0.604	21659.065	1.783
186	189	79.379	97.378	69.705	96.590	92.047	68.585	261891.989	4948.865	305.922	5213.521	262.451	0.815	0.822	0.675	0.745	0.665	0.949	0.051	0.858	0.735	3.7878897328904736E18	0.247	0.000	19795.461	Accept	Reject	Reject	Reject	Reject	Reject	Reject	1.386	0.722	20854.084	1.342
149	180	78.646	93.619	76.726	87.590	85.719	75.237	254700.744	4857.852	294.111	5076.494	264.709	0.840	0.898	0.806	0.878	0.706	0.957	0.043	0.900	0.723	3.6440554700522918E18	0.255	0.000	19431.407	Accept	Reject	Reject	Reject	Reject	Reject	Reject	1.142	0.876	20305.974	1.139
292	215	78.631	93.075	64.998	98.585	99.193	62.991	254551.148	4855.950	292.404	5060.032	263.724	0.845	0.798	0.636	0.635	0.714	0.960	0.040	0.902	0.758	3.8042192070412634E18	0.280	0.000	19423.800	Accept	Reject	Reject	Reject	Reject	Reject	Reject	1.517	0.659	20240.126	1.575
295	216	78.377	85.265	70.647	96.042	91.277	67.679	252094.464	4824.656	267.868	4946.256	256.877	0.919	0.816	0.666	0.741	0.845	0.975	0.025	0.959	0.711	2.7796508427764224E18	0.215	0.000	19298.622	Accept	Reject	Reject	Reject	Reject	Reject	Reject	1.359	0.736	19785.022	1.349
325	229	78.109	86.392	74.284	86.035	83.561	73.313	249522.447	4791.784	271.409	4915.181	251.532	0.904	0.908	0.824	0.877	0.817	0.975	0.025	0.927	0.750	2.6352491619791437E18	0.259	0.000	19167.135	Accept	Reject	Reject	Reject	Reject	Reject	Reject	1.158	0.863	19660.722	1.140
37	147	77.909	84.591	68.693	92.180	88.826	69.372	247609.397	4767.261	265.750	4908.307	256.715	0.921	0.845	0.714	0.781	0.848	0.971	0.029	0.966	0.753	2.6355306380469018E18	0.232	0.000	19069.042	Accept	Reject	Reject	Reject	Reject	Reject	Reject	1.342	0.745	19633.230	1.280
311	224	77.866	82.606	76.451	88.202	80.674	75.800	247200.729	4762.014	259.515	4883.036	253.089	0.943	0.883	0.779	0.940	0.889	0.975	0.025	0.975	0.706	2.7793642802764605E18	0.235	0.000	19048.056	Accept	Reject	Reject	Reject	Reject	Reject	Reject	1.154	0.867	19532.144	1.064
44	148	77.543	88.032	70.736	89.609	87.520	69.737	244136.812	4722.583	276.561	4953.892	257.642	0.881	0.865	0.749	0.797	0.776	0.953	0.047	0.932	0.745	3.7881745148913677E18	0.263	0.000	18890.332	Accept	Reject	Reject	Reject	Reject	Reject	Reject	1.267	0.789	19815.570	1.255
340	235	77.415	91.222	74.321	82.828	81.726	73.564	242922.311	4706.908	286.581	4901.198	250.068	0.849	0.935	0.874	0.900	0.720	0.960	0.040	0.873	0.765	3.6440560198104691E18	0.253	0.000	18827.632	Accept	Reject	Reject	Reject	Reject	Reject	Reject	1.114	0.897	19604.791	1.111
27	138	77.089	86.068	65.834	91.452	91.615	66.685	239872.292	4667.426	270.392	4941.354	258.471	0.896	0.843	0.711	0.728	0.802	0.945	0.055	0.956	0.775	2.6352535601622077E18	0.203	0.000	18669.706	Accept	Reject	Reject	Reject	Reject	Reject	Reject	1.389	0.720	19765.414	1.374
296	217	77.063	96.929	65.556	94.092	91.856	65.102	239628.741	4664.267	304.512	4934.106	257.685	0.795	0.819	0.671	0.709	0.632	0.945	0.055	0.846	0.756	3.785918926901815E18	0.231	0.000	18657.070	Accept	Reject	Reject	Reject	Reject	Reject	Reject	1.435	0.697	19736.424	1.411
239	202	76.659	98.696	60.991	114.416	114.212	56.245	235880.352	4615.499	310.061	5069.735	284.809	0.777	0.670	0.449	0.492	0.603	0.910	0.090	0.919	0.661	3.6443376506667245E18	0.237	0.000	18461.995	Accept	Reject	Reject	Reject	Reject	Reject	Reject	1.876	0.533	20278.938	2.031
85	163	76.653	81.333	67.042	92.386	90.591	65.182	235819.147	4614.701	255.517	4685.559	249.804	0.942	0.830	0.688	0.720	0.888	0.985	0.015	0.978	0.745	2.635249161993832E18	0.230	0.000	18458.802	Accept	Reject	Reject	Reject	Reject	Reject	Reject	1.378	0.726	18742.235	1.390
155	182	76.326	100.441	70.558	109.538	97.456	65.752	232821.639	4575.512	315.545	5123.664	282.868	0.760	0.697	0.486	0.675	0.577	0.893	0.107	0.896	0.592	3.6472013384826458E18	0.233	0.000	18302.048	Accept	Reject	Reject	Reject	Reject	Reject	Reject	1.552	0.644	20494.657	1.482
100	168	76.012	97.232	66.740	88.709	86.240	67.289	229954.367	4537.869	305.464	4785.147	250.887	0.782	0.857	0.734	0.780	0.611	0.948	0.052	0.821	0.766	2.6372514338736266E18	0.303	0.000	18151.475	Accept	Reject	Reject	Reject	Reject	Reject	Reject	1.329	0.752	19140.590	1.282
236	201	75.546	81.267	65.609	90.995	88.699	64.939	225750.445	4482.393	255.309	4566.481	246.718	0.930	0.830	0.689	0.732	0.864	0.982	0.018	0.966	0.751	2.6352843464854214E18	0.235	0.000	17929.571	Accept	Reject	Reject	Reject	Reject	Reject	Reject	1.387	0.721	18265.923	1.366
93	166	75.303	97.985	71.710	89.404	84.024	68.630	223585.035	4453.683	307.830	4777.189	251.153	0.769	0.842	0.709	0.817	0.591	0.932	0.068	0.816	0.695	2.7613542991261677E18	0.291	0.000	17814.731	Accept	Reject	Reject	Reject	Reject	Reject	Reject	1.247	0.802	19108.756	1.224
165	185	75.244	111.262	42.881	136.831	141.612	41.343	223056.920	4446.667	349.540	4817.672	312.148	0.676	0.550	0.302	0.292	0.457	0.923	0.077	0.893	0.758	2.6355306886296499E18	0.313	0.000	17786.669	Accept	Reject	Reject	Reject	Reject	Reject	Reject	3.191	0.313	19270.688	3.425
170	186	75.220	87.606	72.206	86.830	82.256	69.295	222845.483	4443.856	275.222	4614.477	246.192	0.859	0.866	0.750	0.842	0.737	0.963	0.037	0.895	0.709	2.7793686795162515E18	0.248	0.000	17775.426	Accept	Reject	Reject	Reject	Reject	Reject	Reject	1.203	0.832	18457.906	1.187
316	227	75.213	92.827	63.346	103.833	100.322	58.045	222783.906	4443.038	291.624	4770.978	262.850	0.810	0.724	0.525	0.579	0.657	0.931	0.069	0.901	0.676	2.6356060222362512E18	0.281	0.000	17772.151	Accept	Reject	Reject	Reject	Reject	Reject	Reject	1.639	0.610	19083.913	1.728
230	200	74.777	89.564	53.812	117.864	114.911	49.599	218928.650	4391.631	281.373	4604.460	275.607	0.835	0.634	0.403	0.432	0.697	0.954	0.046	0.980	0.692	2.7793681986309136E18	0.203	0.000	17566.524	Accept	Reject	Reject	Reject	Reject	Reject	Reject	2.190	0.457	18417.841	2.317
46	149	74.746	87.829	70.457	85.620	80.676	69.527	218658.165	4388.013	275.923	4576.369	243.552	0.851	0.873	0.762	0.862	0.724	0.959	0.041	0.883	0.727	3.7881712088405536E18	0.256	0.000	17552.052	Accept	Reject	Reject	Reject	Reject	Reject	Reject	1.215	0.823	18305.477	1.160
118	173	74.472	84.980	71.554	85.725	80.372	70.097	216259.071	4355.858	266.973	4539.114	244.746	0.876	0.869	0.755	0.872	0.768	0.960	0.040	0.917	0.710	2.6512937780236918E18	0.241	0.000	17423.430	Accept	Reject	Reject	Reject	Reject	Reject	Reject	1.198	0.835	18156.458	1.147
224	197	74.324	114.269	63.291	115.888	107.103	57.401	214978.066	4338.639	358.988	5079.920	284.292	0.650	0.641	0.411	0.536	0.423	0.854	0.146	0.792	0.592	3.6601095126302547E18	0.391	0.000	17354.557	Accept	Reject	Reject	Reject	Reject	Reject	Reject	1.831	0.546	20319.682	1.866
210	194	74.269	85.712	72.704	78.705	76.089	72.747	214500.457	4332.211	269.271	4505.984	240.046	0.867	0.944	0.890	0.956	0.751	0.961	0.039	0.891	0.757	2.635249213653231E18	0.277	0.000	17328.843	Accept	Reject	Reject	Reject	Reject	Reject	Reject	1.083	0.924	18023.934	1.046
21	136	74.236	99.788	59.815	105.899	106.196	54.018	214208.349	4328.277	313.492	4703.635	268.173	0.744	0.701	0.491	0.509	0.553	0.920	0.080	0.855	0.683	3.7704338949116538E18	0.309	0.000	17313.110	Accept	Reject	Reject	Reject	Reject	Reject	Reject	1.770	0.565	18814.541	1.966
282	212	73.848	82.667	71.964	79.056	77.047	70.829	210873.288	4283.234	259.706	4425.847	237.431	0.893	0.934	0.873	0.919	0.798	0.968	0.032	0.914	0.753	2.6352496956288301E18	0.261	0.000	17132.938	Accept	Reject	Reject	Reject	Reject	Reject	Reject	1.099	0.910	17703.388	1.088
331	232	73.703	87.075	73.071	77.371	75.893	71.746	209631.653	4266.405	273.555	4444.629	238.231	0.846	0.953	0.907	0.945	0.716	0.960	0.040	0.871	0.755	3.6440554700525581E18	0.253	0.000	17065.620	Accept	Reject	Reject	Reject	Reject	Reject	Reject	1.059	0.944	17778.518	1.058
205	193	73.611	105.082	65.758	108.750	95.398	60.788	208846.030	4255.739	330.124	4803.647	271.592	0.701	0.677	0.458	0.637	0.491	0.886	0.114	0.823	0.595	2.6352491534062198E18	0.310	0.000	17022.954	Accept	Reject	Reject	Reject	Reject	Reject	Reject	1.654	0.605	19214.589	1.569
204	193	73.363	97.860	54.565	115.801	107.767	52.901	206744.618	4227.143	307.436	4542.433	281.715	0.750	0.634	0.401	0.491	0.562	0.931	0.069	0.916	0.669	2.8383125551889971E18	0.220	0.000	16908.573	Accept	Reject	Reject	Reject	Reject	Reject	Reject	2.122	0.471	18169.731	2.037
166	186	73.241	78.675	64.983	86.895	83.214	65.248	205716.765	4213.121	247.165	4302.244	239.241	0.931	0.843	0.710	0.784	0.867	0.979	0.021	0.968	0.746	2.6372546636869565E18	0.188	0.000	16852.485	Accept	Reject	Reject	Reject	Reject	Reject	Reject	1.337	0.748	17208.975	1.275
98	167	73.166	98.185	59.038	113.287	102.419	55.007	205082.081	4204.451	308.457	4670.314	271.168	0.745	0.646	0.417	0.537	0.555	0.900	0.100	0.879	0.629	2.6352497901540003E18	0.277	0.000	16817.803	Accept	Reject	Reject	Reject	Reject	Reject	Reject	1.919	0.521	18681.254	1.862
159	183	73.019	86.328	65.657	85.337	83.221	64.684	203846.021	4187.540	271.208	4379.978	240.708	0.846	0.856	0.732	0.777	0.715	0.956	0.044	0.888	0.747	3.8061900828423104E18	0.290	0.000	16750.159	Accept	Reject	Reject	Reject	Reject	Reject	Reject	1.300	0.769	17519.914	1.287
200	192	72.853	78.328	66.060	80.295	80.408	66.173	202464.516	4168.598	246.076	4280.853	235.124	0.930	0.907	0.823	0.823	0.865	0.974	0.026	0.955	0.786	2.6352530705320285E18	0.220	0.000	16674.394	Accept	Reject	Reject	Reject	Reject	Reject	Reject	1.215	0.823	17123.412	1.215
190	189	72.782	84.592	52.489	102.134	104.780	52.686	201868.158	4160.409	265.753	4351.242	257.934	0.860	0.713	0.508	0.503	0.740	0.956	0.044	0.971	0.776	2.6530178208669552E18	0.230	0.000	16641.635	Accept	Reject	Reject	Reject	Reject	Reject	Reject	1.946	0.514	17404.968	1.989
319	227	72.724	98.722	56.703	111.499	105.337	51.106	201385.417	4153.773	310.143	4501.941	265.594	0.737	0.652	0.425	0.485	0.543	0.923	0.077	0.856	0.657	2.6530575494533437E18	0.310	0.000	16615.093	Accept	Reject	Reject	Reject	Reject	Reject	Reject	1.966	0.509	18007.763	2.061
343	238	72.546	80.635	66.245	84.241	83.208	64.083	199911.076	4133.476	253.324	4304.601	239.386	0.900	0.861	0.742	0.770	0.809	0.960	0.040	0.945	0.741	3.7881706667351552E18	0.226	0.000	16533.904	Accept	Reject	Reject	Reject	Reject	Reject	Reject	1.272	0.786	17218.405	1.298
131	176	72.345	81.609	68.317	83.678	78.901	66.433	198252.473	4110.581	256.382	4255.421	234.755	0.886	0.865	0.747	0.842	0.786	0.966	0.034	0.916	0.719	2.6352491535215597E18	0.269	0.000	16442.323	Accept	Reject	Reject	Reject	Reject	Reject	Reject	1.225	0.816	17021.682	1.188
250	204	72.284	91.043	57.869	94.981	93.136	56.369	197752.400	4103.666	286.021	4336.376	245.537	0.794	0.761	0.579	0.605	0.630	0.946	0.054	0.858	0.747	3.7882053625531405E18	0.301	0.000	16414.663	Accept	Reject	Reject	Reject	Reject	Reject	Reject	1.641	0.609	17345.503	1.652
298	217	71.870	90.804	58.941	100.210	95.238	55.793	194376.536	4056.829	285.269	4267.210	252.478	0.791	0.717	0.514	0.586	0.626	0.951	0.049	0.885	0.687	3.7882059121951885E18	0.289	0.000	16227.316	Accept	Reject	Reject	Reject	Reject	Reject	Reject	1.700	0.588	17068.841	1.707
263	208	71.477	99.864	63.169	91.722	86.882	60.728	191200.284	4012.513	313.731	4417.076	247.173	0.716	0.779	0.607	0.699	0.512	0.908	0.092	0.788	0.693	3.9190610845315098E18	0.285	0.000	16050.054	Accept	Reject	Reject	Reject	Reject	Reject	Reject	1.452	0.689	17668.303	1.431
42	148	71.054	88.214	66.460	90.413	86.310	61.208	187827.644	3965.188	277.132	4276.981	246.281	0.805	0.786	0.618	0.709	0.649	0.927	0.073	0.889	0.660	2.635288806809319E18	0.261	0.000	15860.753	Accept	Reject	Reject	Reject	Reject	Reject	Reject	1.360	0.735	17107.923	1.410
317	227	70.980	79.441	67.477	79.136	76.391	66.031	187242.004	3956.941	249.572	4107.365	229.335	0.893	0.897	0.805	0.864	0.798	0.963	0.037	0.919	0.741	3.8084732273296499E18	0.240	0.000	15827.766	Accept	Reject	Reject	Reject	Reject	Reject	Reject	1.173	0.853	16429.460	1.157
5	86	70.895	73.808	69.000	74.825	73.174	68.986	186572.394	3947.502	231.875	4036.382	228.037	0.961	0.947	0.898	0.943	0.923	0.978	0.022	0.983	0.765	2.6532635518989245E18	0.192	0.000	15790.010	Accept	Reject	Reject	Reject	Reject	Reject	Reject	1.084	0.922	16145.529	1.061
133	176	70.806	92.722	64.934	84.816	80.234	62.981	185869.821	3937.586	291.293	4229.615	236.571	0.764	0.835	0.697	0.785	0.583	0.931	0.069	0.812	0.715	3.7724042120833414E18	0.285	0.000	15750.343	Accept	Reject	Reject	Reject	Reject	Reject	Reject	1.306	0.766	16918.458	1.274
361	254	70.662	84.739	57.534	86.654	86.802	59.328	184740.693	3921.623	266.216	4119.453	242.192	0.834	0.815	0.665	0.683	0.695	0.952	0.048	0.910	0.787	3.7859232477710726E18	0.240	0.000	15686.492	Accept	Reject	Reject	Reject	Reject	Reject	Reject	1.506	0.664	16477.812	1.463
270	209	70.659	80.685	67.290	77.864	74.556	67.115	184712.703	3921.227	253.479	4078.443	228.998	0.876	0.907	0.823	0.900	0.767	0.961	0.039	0.903	0.748	2.7615962337072672E18	0.275	0.000	15684.908	Accept	Reject	Reject	Reject	Reject	Reject	Reject	1.157	0.864	16313.771	1.111
119	173	70.650	74.878	65.895	76.146	74.797	67.155	184646.801	3920.294	235.238	3991.604	226.904	0.944	0.928	0.861	0.898	0.890	0.982	0.018	0.965	0.781	2.6355306371071197E18	0.213	0.000	15681.176	Accept	Reject	Reject	Reject	Reject	Reject	Reject	1.156	0.865	15966.415	1.114
47	150	70.441	72.295	69.114	75.388	72.230	68.806	183012.699	3897.130	227.121	3944.154	223.962	0.974	0.934	0.873	0.953	0.949	0.988	0.012	0.986	0.748	2.779364350069913E18	0.174	0.000	15588.522	Accept	Reject	Reject	Reject	Reject	Reject	Reject	1.091	0.917	15776.617	1.050
283	213	70.233	82.392	61.103	91.748	87.473	58.835	181396.408	3874.152	258.842	4020.034	241.910	0.852	0.766	0.586	0.673	0.727	0.964	0.036	0.935	0.691	2.6352491619938272E18	0.240	0.000	15496.607	Accept	Reject	Reject	Reject	Reject	Reject	Reject	1.502	0.666	16080.135	1.487
8	96	70.052	123.920	56.461	131.738	143.848	46.430	179991.799	3854.127	389.306	5317.181	317.673	0.565	0.532	0.283	0.323	0.320	0.725	0.275	0.816	0.518	3.7003516358113222E18	0.436	0.000	15416.507	Accept	Reject	Reject	Reject	Reject	Reject	Reject	2.333	0.429	21268.725	3.098
362	378	69.703	89.142	60.600	93.869	92.984	54.685	177320.969	3815.905	280.048	4128.361	245.311	0.782	0.743	0.551	0.588	0.611	0.924	0.076	0.876	0.671	3.7904225448166496E18	0.310	0.000	15263.621	Accept	Reject	Reject	Reject	Reject	Reject	Reject	1.549	0.646	16513.444	1.700
274	210	69.650	78.053	59.583	85.523	85.662	57.615	176917.672	3810.117	245.211	4007.275	233.622	0.892	0.814	0.663	0.673	0.796	0.951	0.049	0.953	0.748	2.6532999057269206E18	0.210	0.000	15240.467	Accept	Reject	Reject	Reject	Reject	Reject	Reject	1.435	0.697	16029.099	1.487
223	197	69.354	77.754	67.481	75.802	72.176	67.065	174670.555	3777.785	244.271	3890.437	224.382	0.892	0.915	0.837	0.929	0.796	0.971	0.029	0.919	0.739	2.6352491535215642E18	0.237	0.000	15111.142	Accept	Reject	Reject	Reject	Reject	Reject	Reject	1.123	0.890	15561.747	1.076
160	183	69.318	73.202	63.798	79.828	75.414	64.330	174397.787	3773.852	229.970	3850.617	224.940	0.947	0.868	0.754	0.853	0.897	0.980	0.020	0.978	0.741	2.6375406054293965E18	0.264	0.000	15095.406	Accept	Reject	Reject	Reject	Reject	Reject	Reject	1.251	0.799	15402.469	1.172
360	253	69.149	89.053	61.219	99.760	102.086	55.945	173121.851	3755.422	279.767	4445.965	259.350	0.776	0.693	0.480	0.548	0.603	0.845	0.155	0.927	0.615	2.6377868960174662E18	0.274	0.000	15021.686	Accept	Reject	Reject	Reject	Reject	Reject	Reject	1.630	0.614	17783.860	1.825
148	180	68.919	77.702	62.491	83.614	78.724	60.615	171403.992	3730.538	244.107	3851.435	225.710	0.887	0.824	0.679	0.770	0.787	0.969	0.031	0.925	0.714	3.6440905942951386E18	0.225	0.000	14922.151	Accept	Reject	Reject	Reject	Reject	Reject	Reject	1.338	0.747	15405.739	1.299
235	201	68.910	73.001	58.577	81.183	80.655	58.952	171332.792	3729.505	229.338	3790.968	223.417	0.944	0.849	0.721	0.731	0.891	0.984	0.016	0.974	0.784	2.7636017514936874E18	0.213	0.000	14918.018	Accept	Reject	Reject	Reject	Reject	Reject	Reject	1.386	0.722	15163.873	1.368
145	180	68.810	74.476	65.259	77.955	73.577	64.879	170591.452	3718.739	233.974	3821.941	224.121	0.924	0.883	0.779	0.882	0.854	0.973	0.027	0.958	0.731	2.6510469375311034E18	0.223	0.000	14874.955	Accept	Reject	Reject	Reject	Reject	Reject	Reject	1.195	0.837	15287.764	1.134
83	163	68.429	74.741	65.915	79.549	73.148	64.824	167771.513	3677.643	234.807	3790.314	223.985	0.916	0.860	0.740	0.886	0.838	0.970	0.030	0.954	0.701	2.6352491621280784E18	0.216	0.000	14710.573	Accept	Reject	Reject	Reject	Reject	Reject	Reject	1.207	0.829	15161.257	1.128
209	194	68.077	89.771	57.460	89.338	84.828	54.994	165196.705	3639.919	282.024	3845.345	231.141	0.758	0.762	0.581	0.648	0.575	0.947	0.053	0.820	0.709	3.770190962822297E18	0.292	0.000	14559.676	Accept	Reject	Reject	Reject	Reject	Reject	Reject	1.555	0.643	15381.379	1.542
359	251	67.893	80.058	65.392	74.515	72.711	63.536	163863.478	3620.308	251.510	3800.557	220.849	0.848	0.911	0.830	0.874	0.719	0.953	0.047	0.878	0.743	3.7724080689807174E18	0.285	0.000	14481.233	Accept	Reject	Reject	Reject	Reject	Reject	Reject	1.140	0.878	15202.226	1.144
65	155	67.605	75.087	64.932	75.878	71.779	64.129	161781.863	3589.584	235.891	3722.169	219.848	0.900	0.891	0.794	0.893	0.811	0.964	0.036	0.932	0.729	2.6375015040473926E18	0.252	0.000	14358.334	Accept	Reject	Reject	Reject	Reject	Reject	Reject	1.169	0.856	14888.674	1.119
1	73	67.495	86.386	59.936	83.207	79.867	57.408	160993.863	3577.917	271.388	3787.715	225.792	0.781	0.811	0.658	0.719	0.610	0.945	0.055	0.832	0.717	3.6621047179308346E18	0.277	0.000	14311.669	Accept	Reject	Reject	Reject	Reject	Reject	Reject	1.388	0.720	15150.859	1.391
75	159	67.119	71.125	67.287	69.460	67.535	66.836	158319.752	3538.188	223.446	3610.896	214.318	0.944	0.966	0.934	0.990	0.891	0.980	0.020	0.959	0.757	2.6510117606898867E18	0.226	0.000	14152.751	Accept	Reject	Reject	Reject	Reject	Reject	Reject	1.032	0.969	14443.584	1.010
341	236	67.088	69.394	63.828	70.618	69.870	64.695	158103.317	3534.962	218.007	3583.163	214.039	0.967	0.950	0.903	0.926	0.935	0.987	0.013	0.982	0.784	2.6352492221235994E18	0.191	0.000	14139.849	Accept	Reject	Reject	Reject	Reject	Reject	Reject	1.106	0.904	14332.651	1.080
71	158	67.073	70.781	61.101	79.551	76.199	59.188	157994.146	3533.334	222.364	3599.539	217.709	0.948	0.843	0.711	0.777	0.898	0.982	0.018	0.979	0.727	2.6352491534062198E18	0.203	0.000	14133.338	Accept	Reject	Reject	Reject	Reject	Reject	Reject	1.302	0.768	14398.155	1.287
351	241	66.953	73.169	63.954	71.750	70.471	63.818	157145.203	3520.666	229.868	3618.285	215.087	0.915	0.933	0.871	0.906	0.837	0.973	0.027	0.936	0.767	2.6375015040473968E18	0.241	0.000	14082.666	Accept	Reject	Reject	Reject	Reject	Reject	Reject	1.122	0.891	14473.138	1.104
52	151	66.914	76.275	60.077	74.597	74.291	61.118	156875.179	3516.632	239.626	3669.293	220.357	0.877	0.897	0.805	0.823	0.770	0.958	0.042	0.920	0.785	2.7793649602256051E18	0.249	0.000	14066.529	Accept	Reject	Reject	Reject	Reject	Reject	Reject	1.242	0.805	14677.172	1.216
254	206	66.815	77.423	57.625	88.834	87.149	53.277	156179.735	3506.232	243.230	3797.801	234.267	0.863	0.752	0.566	0.611	0.745	0.923	0.077	0.963	0.685	2.6355714662933651E18	0.224	0.000	14024.926	Accept	Reject	Reject	Reject	Reject	Reject	Reject	1.542	0.649	15191.205	1.636
287	215	66.308	72.249	59.928	78.436	74.558	59.779	152650.832	3453.215	226.978	3546.972	217.471	0.918	0.845	0.715	0.802	0.842	0.974	0.026	0.958	0.735	2.7793995956452858E18	0.206	0.000	13812.859	Accept	Reject	Reject	Reject	Reject	Reject	Reject	1.309	0.764	14187.887	1.247
273	210	66.307	72.735	59.226	74.996	75.052	59.011	152645.532	3453.135	228.504	3562.050	215.986	0.912	0.884	0.782	0.786	0.831	0.969	0.031	0.945	0.777	3.6440555387720608E18	0.221	0.000	13812.540	Accept	Reject	Reject	Reject	Reject	Reject	Reject	1.266	0.790	14248.202	1.272
32	143	66.194	77.290	64.105	79.084	75.330	63.055	151865.970	3441.368	242.813	3766.797	228.646	0.856	0.837	0.701	0.837	0.733	0.914	0.086	0.942	0.679	3.6466245584634323E18	0.226	0.000	13765.471	Accept	Reject	Reject	Reject	Reject	Reject	Reject	1.234	0.811	15067.190	1.195
150	180	66.179	76.500	60.220	78.009	75.216	58.764	151760.716	3439.778	240.331	3583.519	218.221	0.865	0.848	0.720	0.781	0.748	0.960	0.040	0.908	0.732	3.6620390919001677E18	0.261	0.000	13759.110	Accept	Reject	Reject	Reject	Reject	Reject	Reject	1.295	0.772	14334.076	1.280
327	230	66.046	68.897	62.094	73.071	70.616	62.125	150849.562	3425.996	216.446	3483.857	213.463	0.959	0.904	0.817	0.880	0.919	0.983	0.017	0.986	0.755	2.6375009533349856E18	0.197	0.000	13703.982	Accept	Reject	Reject	Reject	Reject	Reject	Reject	1.177	0.850	13935.430	1.137
353	243	65.898	70.233	63.347	70.733	68.058	63.933	149837.902	3410.662	220.642	3480.885	210.749	0.938	0.932	0.868	0.939	0.880	0.980	0.020	0.955	0.761	2.6352492231973702E18	0.223	0.000	13642.646	Accept	Reject	Reject	Reject	Reject	Reject	Reject	1.117	0.896	13923.541	1.065
208	194	65.718	75.393	59.484	81.647	76.066	57.352	148611.453	3392.024	236.854	3533.823	217.999	0.872	0.805	0.648	0.754	0.760	0.960	0.040	0.920	0.698	2.6355306972366294E18	0.244	0.000	13568.097	Accept	Reject	Reject	Reject	Reject	Reject	Reject	1.373	0.729	14135.293	1.326
232	200	65.553	84.195	64.774	71.460	68.108	63.302	147493.481	3374.991	264.505	3605.327	215.043	0.779	0.917	0.842	0.929	0.606	0.936	0.064	0.813	0.729	3.9143027933224448E18	0.298	0.000	13499.965	Accept	Reject	Reject	Reject	Reject	Reject	Reject	1.103	0.906	14421.307	1.076
103	169	65.549	78.818	56.105	86.059	82.650	53.339	147468.336	3374.608	247.613	3536.499	224.996	0.832	0.762	0.580	0.645	0.692	0.954	0.046	0.909	0.699	2.7796596378148397E18	0.271	0.000	13498.430	Accept	Reject	Reject	Reject	Reject	Reject	Reject	1.534	0.652	14145.995	1.550
34	145	65.508	71.025	61.976	74.665	70.646	60.963	147189.779	3370.357	223.131	3464.036	211.443	0.922	0.877	0.770	0.863	0.851	0.973	0.027	0.948	0.728	2.637501022056855E18	0.206	0.000	13481.427	Accept	Reject	Reject	Reject	Reject	Reject	Reject	1.205	0.830	13856.145	1.159
233	201	65.383	67.253	60.224	73.179	72.119	59.324	146347.256	3357.483	211.280	3391.059	209.275	0.972	0.893	0.798	0.823	0.945	0.990	0.010	0.991	0.762	3.7884571593265504E18	0.174	0.000	13429.933	Accept	Reject	Reject	Reject	Reject	Reject	Reject	1.215	0.823	13564.236	1.216
38	148	65.353	74.521	63.979	73.612	69.965	61.900	146146.276	3354.408	234.115	3491.213	214.336	0.877	0.888	0.788	0.885	0.769	0.961	0.039	0.916	0.712	3.6440554786616922E18	0.227	0.000	13417.633	Accept	Reject	Reject	Reject	Reject	Reject	Reject	1.151	0.869	13964.851	1.130
151	180	65.348	74.299	61.509	73.817	71.280	60.029	146117.437	3353.967	233.417	3478.926	211.729	0.880	0.885	0.784	0.842	0.774	0.964	0.036	0.907	0.739	2.7774253613143302E18	0.287	0.000	13415.869	Accept	Reject	Reject	Reject	Reject	Reject	Reject	1.200	0.833	13915.705	1.187
284	214	65.294	67.738	62.642	69.719	68.563	62.197	145750.856	3348.356	212.804	3397.486	207.808	0.964	0.937	0.877	0.907	0.929	0.986	0.014	0.977	0.767	2.6352492222408106E18	0.212	0.000	13393.423	Accept	Reject	Reject	Reject	Reject	Reject	Reject	1.113	0.898	13589.945	1.102
139	178	64.897	72.935	57.269	79.373	74.856	57.631	143113.640	3307.843	229.131	3487.185	217.994	0.890	0.818	0.669	0.770	0.792	0.949	0.051	0.951	0.728	2.6352848284759955E18	0.230	0.000	13231.371	Accept	Reject	Reject	Reject	Reject	Reject	Reject	1.386	0.722	13948.740	1.299
161	184	64.775	70.040	61.931	74.835	73.383	58.564	142304.093	3295.356	220.036	3429.112	214.657	0.925	0.866	0.749	0.798	0.855	0.961	0.039	0.976	0.711	2.6352492233190419E18	0.193	0.000	13181.426	Accept	Reject	Reject	Reject	Reject	Reject	Reject	1.208	0.828	13716.450	1.253
218	196	64.769	75.609	64.378	71.940	66.307	64.021	142266.776	3294.780	237.533	3459.259	213.727	0.857	0.900	0.811	0.966	0.734	0.952	0.048	0.900	0.711	2.779364332873E18	0.242	0.000	13179.122	Accept	Reject	Reject	Reject	Reject	Reject	Reject	1.117	0.895	13837.035	1.036
323	229	64.503	68.320	62.292	71.093	67.274	62.363	140522.745	3267.798	214.632	3331.860	208.558	0.944	0.907	0.823	0.927	0.891	0.981	0.019	0.972	0.738	3.6443381229432198E18	0.217	0.000	13071.193	Accept	Reject	Reject	Reject	Reject	Reject	Reject	1.141	0.876	13327.439	1.079
183	188	64.446	69.110	54.257	81.411	79.155	52.687	140145.558	3261.948	217.115	3325.884	212.469	0.933	0.792	0.627	0.666	0.870	0.981	0.019	0.979	0.738	2.6352492233360531E18	0.235	0.000	13047.793	Accept	Reject	Reject	Reject	Reject	Reject	Reject	1.500	0.666	13303.535	1.502
320	228	64.358	67.037	63.101	67.309	65.911	62.907	139575.931	3253.103	210.603	3313.765	205.418	0.960	0.956	0.914	0.954	0.922	0.982	0.018	0.975	0.766	2.7613504928456182E18	0.205	0.000	13012.413	Accept	Reject	Reject	Reject	Reject	Reject	Reject	1.067	0.937	13255.061	1.048
126	174	64.210	84.017	49.880	98.239	106.166	43.778	138616.684	3238.181	263.948	3793.092	245.466	0.764	0.654	0.427	0.412	0.584	0.854	0.146	0.930	0.661	2.6530217291466106E18	0.240	0.000	12952.724	Accept	Reject	Reject	Reject	Reject	Reject	Reject	1.969	0.508	15172.369	2.425
333	232	64.112	77.792	55.906	87.029	87.602	51.116	137978.799	3228.239	244.392	3616.833	227.883	0.824	0.737	0.543	0.584	0.679	0.893	0.107	0.932	0.664	2.779083416244135E18	0.217	0.000	12912.958	Accept	Reject	Reject	Reject	Reject	Reject	Reject	1.557	0.642	14467.333	1.714
307	221	64.100	66.946	56.525	71.894	72.444	56.931	137905.116	3227.090	210.318	3282.050	206.953	0.957	0.892	0.795	0.786	0.917	0.983	0.017	0.984	0.794	2.6352888132663517E18	0.206	0.000	12908.359	Accept	Reject	Reject	Reject	Reject	Reject	Reject	1.272	0.786	13128.201	1.272
64	155	64.020	68.944	60.365	73.439	70.113	58.864	137384.649	3218.965	216.594	3301.671	207.470	0.929	0.872	0.760	0.840	0.862	0.975	0.025	0.958	0.726	2.6352491544629549E18	0.212	0.000	12875.860	Accept	Reject	Reject	Reject	Reject	Reject	Reject	1.217	0.822	13206.685	1.191
134	176	64.018	77.168	57.866	74.863	72.757	56.530	137371.891	3218.766	242.429	3403.816	211.602	0.830	0.855	0.731	0.777	0.688	0.946	0.054	0.873	0.743	3.7701568083178106E18	0.306	0.000	12875.064	Accept	Reject	Reject	Reject	Reject	Reject	Reject	1.294	0.773	13615.265	1.287
265	209	63.572	89.195	56.191	97.029	98.861	51.914	134522.227	3174.097	280.215	4062.432	248.553	0.713	0.655	0.429	0.525	0.508	0.781	0.219	0.887	0.582	3.7884571689923898E18	0.310	3.675	12696.388	Accept	Reject	Reject	Reject	Reject	Reject	Reject	1.727	0.579	16249.729	1.904
264	208	63.418	66.693	63.053	66.371	64.358	62.563	133546.290	3158.727	209.524	3232.848	202.529	0.951	0.956	0.913	0.972	0.904	0.977	0.023	0.967	0.755	2.6352492222429072E18	0.245	0.000	12634.907	Accept	Reject	Reject	Reject	Reject	Reject	Reject	1.053	0.950	12931.393	1.029
60	153	63.327	80.934	61.996	86.076	75.746	58.083	132973.766	3149.692	254.262	3644.083	232.067	0.782	0.736	0.541	0.767	0.612	0.864	0.136	0.913	0.590	3.9323259967878125E18	0.212	0.000	12598.770	Accept	Reject	Reject	Reject	Reject	Reject	Reject	1.388	0.720	14576.331	1.304
110	170	63.278	66.249	61.521	68.841	65.929	60.878	132667.335	3144.852	208.127	3203.742	203.098	0.955	0.919	0.845	0.923	0.912	0.982	0.018	0.976	0.743	2.635249154463185E18	0.219	0.000	12579.407	Accept	Reject	Reject	Reject	Reject	Reject	Reject	1.119	0.894	12814.966	1.083
229	199	63.257	72.870	61.058	69.648	68.770	58.308	132536.024	3142.776	228.929	3272.959	205.178	0.868	0.908	0.825	0.848	0.754	0.960	0.040	0.896	0.739	3.6620747571932506E18	0.249	0.000	12571.104	Accept	Reject	Reject	Reject	Reject	Reject	Reject	1.141	0.877	13091.836	1.179
172	186	63.180	67.908	62.931	66.493	64.021	62.561	132047.336	3135.046	213.339	3210.255	202.681	0.930	0.950	0.903	0.977	0.866	0.977	0.023	0.950	0.749	3.6620699469832301E18	0.227	0.000	12540.183	Accept	Reject	Reject	Reject	Reject	Reject	Reject	1.057	0.946	12841.022	1.023
176	186	63.080	72.437	57.745	74.035	71.231	56.087	131423.590	3125.165	227.566	3250.707	206.162	0.871	0.852	0.726	0.787	0.758	0.961	0.039	0.906	0.731	2.6352492222596848E18	0.255	0.000	12500.660	Accept	Reject	Reject	Reject	Reject	Reject	Reject	1.282	0.780	13002.830	1.270
354	243	62.875	81.704	59.940	76.970	74.773	55.535	130146.044	3104.880	256.681	3415.163	219.521	0.770	0.817	0.667	0.743	0.592	0.909	0.091	0.855	0.673	3.7887649526192262E18	0.310	0.000	12419.519	Accept	Reject	Reject	Reject	Reject	Reject	Reject	1.284	0.779	13660.653	1.346
313	225	62.847	93.123	54.244	98.275	88.056	50.106	129975.258	3102.163	292.554	3685.534	242.347	0.675	0.640	0.409	0.569	0.455	0.842	0.158	0.828	0.582	2.6553103820850979E18	0.433	0.000	12408.650	Accept	Reject	Reject	Reject	Reject	Reject	Reject	1.812	0.552	14742.138	1.757
99	168	62.481	72.656	51.964	82.601	85.838	48.040	127715.534	3066.102	228.255	3324.774	218.260	0.860	0.756	0.572	0.560	0.740	0.922	0.078	0.956	0.714	2.6352491544631843E18	0.223	0.000	12264.408	Accept	Reject	Reject	Reject	Reject	Reject	Reject	1.590	0.629	13299.095	1.787
312	225	62.470	71.827	59.889	68.928	66.990	58.323	127650.256	3065.057	225.650	3193.018	202.119	0.870	0.906	0.821	0.871	0.756	0.960	0.040	0.896	0.743	2.7633560030112502E18	0.268	0.000	12260.228	Accept	Reject	Reject	Reject	Reject	Reject	Reject	1.151	0.869	12772.070	1.149
326	230	62.400	71.577	53.847	76.493	73.968	53.844	127218.450	3058.141	224.865	3193.685	210.442	0.872	0.816	0.665	0.728	0.760	0.958	0.042	0.936	0.742	3.8062296738510739E18	0.229	0.000	12232.564	Accept	Reject	Reject	Reject	Reject	Reject	Reject	1.421	0.704	12774.740	1.374
122	173	61.917	77.769	53.276	76.074	76.201	51.024	124287.841	3010.994	244.319	3193.443	208.975	0.796	0.814	0.662	0.670	0.634	0.943	0.057	0.855	0.743	3.7724427703032032E18	0.327	0.000	12043.976	Accept	Reject	Reject	Reject	Reject	Reject	Reject	1.428	0.700	12773.773	1.493
40	148	61.746	67.051	55.409	75.459	72.578	53.290	123260.085	2994.372	210.646	3063.463	203.693	0.921	0.818	0.670	0.734	0.848	0.977	0.023	0.967	0.716	2.6355351736663219E18	0.219	0.000	11977.488	Accept	Reject	Reject	Reject	Reject	Reject	Reject	1.362	0.734	12253.852	1.362
11	114	61.731	94.524	46.820	110.901	99.748	43.314	123171.090	2992.931	296.957	3631.212	260.261	0.653	0.557	0.310	0.434	0.427	0.824	0.176	0.876	0.576	2.635499911852735E18	0.397	3.042	11971.723	Accept	Reject	Reject	Reject	Reject	Reject	Reject	2.369	0.422	14524.846	2.303
256	206	61.073	68.664	54.451	77.744	71.354	54.751	119275.483	2929.487	215.714	3098.825	209.237	0.889	0.786	0.617	0.767	0.791	0.945	0.055	0.970	0.692	2.7796910534726589E18	0.217	0.000	11717.948	Accept	Reject	Reject	Reject	Reject	Reject	Reject	1.428	0.700	12395.302	1.303
80	161	61.003	74.142	57.409	72.178	67.755	55.838	118867.207	2922.798	232.924	3099.799	202.690	0.823	0.845	0.714	0.824	0.677	0.943	0.057	0.870	0.705	2.6530212569731789E18	0.279	0.000	11691.193	Accept	Reject	Reject	Reject	Reject	Reject	Reject	1.257	0.795	12399.198	1.213
212	194	60.848	75.628	41.324	92.511	96.018	39.469	117958.229	2907.879	237.591	3144.747	225.402	0.805	0.658	0.433	0.411	0.647	0.925	0.075	0.949	0.761	2.7816116745274179E18	0.251	0.000	11631.515	Accept	Reject	Reject	Reject	Reject	Reject	Reject	2.239	0.447	12578.987	2.433
48	150	60.696	70.485	58.530	66.674	64.510	57.188	117080.411	2893.434	221.434	3028.582	196.898	0.861	0.910	0.829	0.886	0.742	0.955	0.045	0.889	0.741	2.6532729055476224E18	0.281	0.000	11573.737	Accept	Reject	Reject	Reject	Reject	Reject	Reject	1.139	0.878	12114.327	1.128
62	153	60.683	88.316	48.253	99.173	93.997	42.777	117002.260	2892.147	277.452	3249.647	236.883	0.687	0.612	0.374	0.455	0.472	0.890	0.110	0.854	0.604	4.1333745938231034E18	0.358	0.000	11568.586	Accept	Reject	Reject	Reject	Reject	Reject	Reject	2.055	0.487	12998.588	2.197
127	174	60.625	64.501	57.976	69.355	66.054	56.422	116671.205	2886.689	202.635	2967.269	197.207	0.940	0.874	0.764	0.854	0.883	0.973	0.027	0.973	0.718	3.7881706665841267E18	0.240	0.000	11546.754	Accept	Reject	Reject	Reject	Reject	Reject	Reject	1.196	0.836	11869.076	1.171
194	191	60.523	64.295	56.087	68.427	66.783	54.932	116081.069	2876.946	201.989	2936.026	194.740	0.941	0.884	0.782	0.823	0.886	0.980	0.020	0.964	0.750	2.635253560176687E18	0.216	0.000	11507.784	Accept	Reject	Reject	Reject	Reject	Reject	Reject	1.220	0.820	11744.104	1.216
164	184	60.463	75.399	58.257	72.464	66.466	56.056	115738.212	2871.278	236.871	3089.373	202.729	0.802	0.834	0.696	0.843	0.643	0.929	0.071	0.856	0.680	5.0669119593005478E18	0.329	0.000	11485.114	Accept	Reject	Reject	Reject	Reject	Reject	Reject	1.244	0.804	12357.494	1.186
352	241	60.457	96.043	43.328	117.002	134.326	38.316	115700.801	2870.660	301.729	4031.443	276.359	0.629	0.517	0.267	0.285	0.396	0.712	0.288	0.916	0.566	2.6355311868800032E18	0.370	0.000	11482.639	Accept	Reject	Reject	Reject	Reject	Reject	Reject	2.700	0.370	16125.772	3.506
191	189	60.405	73.637	56.281	69.902	66.660	54.847	115402.288	2865.720	231.337	3044.343	199.132	0.820	0.864	0.747	0.823	0.673	0.941	0.059	0.861	0.728	3.7862004030849446E18	0.302	0.000	11462.879	Accept	Reject	Reject	Reject	Reject	Reject	Reject	1.242	0.805	12177.370	1.215
245	203	60.353	72.999	52.283	78.055	76.966	48.550	115106.377	2860.819	229.332	3071.355	208.128	0.827	0.773	0.598	0.631	0.684	0.931	0.069	0.908	0.701	2.6355663712161066E18	0.282	0.000	11443.277	Accept	Reject	Reject	Reject	Reject	Reject	Reject	1.493	0.670	12285.422	1.585
18	133	60.282	63.807	54.901	67.833	66.423	54.790	114700.979	2854.098	200.454	2912.544	194.095	0.945	0.889	0.790	0.825	0.893	0.980	0.020	0.968	0.766	2.6352497128257434E18	0.212	0.000	11416.392	Accept	Reject	Reject	Reject	Reject	Reject	Reject	1.236	0.809	11650.175	1.212
271	209	60.275	70.942	52.773	76.641	72.186	50.955	114660.687	2853.429	222.872	2984.137	202.792	0.850	0.786	0.619	0.706	0.722	0.956	0.044	0.910	0.705	2.7635990650126522E18	0.293	0.000	11413.718	Accept	Reject	Reject	Reject	Reject	Reject	Reject	1.452	0.689	11936.549	1.417
244	203	60.246	74.750	55.537	75.062	69.407	53.448	114492.902	2850.645	234.833	3031.456	203.595	0.806	0.803	0.644	0.770	0.650	0.940	0.060	0.867	0.684	3.6440560198272762E18	0.283	0.000	11402.581	Accept	Reject	Reject	Reject	Reject	Reject	Reject	1.352	0.740	12125.825	1.299
349	241	60.016	66.830	56.347	70.035	65.600	56.647	113188.927	2828.960	209.954	3006.251	201.448	0.898	0.857	0.734	0.864	0.806	0.941	0.059	0.959	0.717	2.6558773168280557E18	0.228	0.000	11315.838	Accept	Reject	Reject	Reject	Reject	Reject	Reject	1.243	0.805	12025.004	1.158
281	212	59.981	76.850	54.932	75.014	68.774	54.539	112991.673	2825.672	241.432	3077.317	206.220	0.780	0.800	0.639	0.793	0.609	0.918	0.082	0.854	0.686	3.6601000945549126E18	0.286	0.000	11302.688	Accept	Reject	Reject	Reject	Reject	Reject	Reject	1.366	0.732	12309.270	1.261
68	157	59.939	66.149	57.841	70.178	66.073	56.286	112754.488	2821.716	207.814	2955.397	199.134	0.906	0.854	0.730	0.852	0.821	0.955	0.045	0.958	0.695	2.6352492221086864E18	0.209	0.000	11286.866	Accept	Reject	Reject	Reject	Reject	Reject	Reject	1.213	0.824	11821.589	1.174
237	201	59.920	65.482	51.123	72.132	71.002	51.138	112643.689	2819.868	205.718	2900.935	197.399	0.915	0.831	0.690	0.720	0.837	0.972	0.028	0.960	0.765	2.6355306284980438E18	0.271	0.000	11279.470	Accept	Reject	Reject	Reject	Reject	Reject	Reject	1.411	0.709	11603.740	1.388
228	199	59.869	67.103	56.255	65.089	62.542	58.058	112358.745	2815.110	210.810	2929.666	196.787	0.892	0.920	0.846	0.928	0.796	0.961	0.039	0.933	0.769	2.7774336775813674E18	0.290	0.000	11260.441	Accept	Reject	Reject	Reject	Reject	Reject	Reject	1.157	0.864	11718.665	1.077
135	177	59.814	62.570	56.110	67.670	64.297	56.099	112047.838	2809.915	196.570	2856.271	193.217	0.956	0.884	0.781	0.872	0.914	0.984	0.016	0.983	0.740	2.779364891235559E18	0.192	0.000	11239.659	Accept	Reject	Reject	Reject	Reject	Reject	Reject	1.206	0.829	11425.083	1.146
141	179	59.697	79.476	49.884	80.884	75.230	49.226	111391.873	2798.937	249.681	3029.314	209.831	0.751	0.738	0.545	0.654	0.564	0.924	0.076	0.840	0.694	3.788171216392137E18	0.298	0.000	11195.749	Accept	Reject	Reject	Reject	Reject	Reject	Reject	1.621	0.617	12117.256	1.528
26	137	59.542	69.836	59.362	66.581	62.798	56.811	110526.049	2784.415	219.397	2934.581	195.480	0.853	0.894	0.800	0.905	0.727	0.949	0.051	0.891	0.704	3.64405546993488E18	0.283	0.000	11137.659	Accept	Reject	Reject	Reject	Reject	Reject	Reject	1.122	0.892	11738.325	1.105
17	132	59.486	63.917	53.811	73.180	68.205	52.409	110218.244	2779.243	200.800	2843.018	195.911	0.931	0.813	0.661	0.768	0.866	0.978	0.022	0.976	0.706	2.6555198186128486E18	0.240	0.000	11116.970	Accept	Reject	Reject	Reject	Reject	Reject	Reject	1.360	0.735	11372.073	1.301
305	220	59.395	79.962	52.119	81.807	76.629	47.824	109710.586	2770.702	251.209	3035.615	211.080	0.743	0.726	0.527	0.624	0.552	0.913	0.087	0.840	0.650	5.0855379108575456E18	0.315	0.000	11082.808	Accept	Reject	Reject	Reject	Reject	Reject	Reject	1.570	0.637	12142.460	1.602
90	166	59.353	62.779	58.660	62.720	60.352	58.565	109479.955	2766.818	197.227	2829.781	190.476	0.945	0.946	0.896	0.970	0.894	0.978	0.022	0.966	0.752	3.6440555484525171E18	0.225	0.000	11067.270	Accept	Reject	Reject	Reject	Reject	Reject	Reject	1.069	0.935	11319.123	1.031
260	208	59.137	63.593	56.287	67.094	64.108	55.518	108289.547	2746.725	199.782	2862.727	195.085	0.930	0.881	0.777	0.866	0.865	0.959	0.041	0.976	0.727	2.6352887457569648E18	0.195	0.000	10986.900	Accept	Reject	Reject	Reject	Reject	Reject	Reject	1.192	0.839	11450.908	1.155
3	85	59.118	65.423	54.931	65.836	65.019	54.042	108183.002	2744.923	205.531	2830.362	191.757	0.904	0.898	0.806	0.831	0.817	0.970	0.030	0.933	0.759	2.635249162113599E18	0.237	0.000	10979.692	Accept	Reject	Reject	Reject	Reject	Reject	Reject	1.199	0.834	11321.448	1.203
308	222	59.047	66.600	54.527	67.242	65.808	53.080	107795.362	2738.362	209.229	2840.969	191.584	0.887	0.878	0.771	0.807	0.786	0.964	0.036	0.916	0.747	3.7881751248962982E18	0.263	0.000	10953.448	Accept	Reject	Reject	Reject	Reject	Reject	Reject	1.233	0.811	11363.874	1.240
130	176	58.761	62.773	57.024	61.563	60.661	57.015	106236.888	2711.904	197.206	2781.453	188.140	0.936	0.954	0.911	0.940	0.876	0.975	0.025	0.954	0.772	2.6354998506326077E18	0.225	0.000	10847.618	Accept	Reject	Reject	Reject	Reject	Reject	Reject	1.080	0.926	11125.813	1.064
332	232	58.758	63.887	50.823	71.548	70.006	49.432	106216.886	2711.564	200.708	2780.844	192.651	0.920	0.821	0.674	0.706	0.846	0.975	0.025	0.960	0.746	3.6598224678707341E18	0.236	0.000	10846.255	Accept	Reject	Reject	Reject	Reject	Reject	Reject	1.408	0.710	11123.375	1.416
88	166	58.711	71.411	49.259	74.020	71.923	48.012	105961.990	2707.224	224.346	2848.506	196.779	0.822	0.793	0.629	0.668	0.676	0.950	0.050	0.877	0.742	3.7723728749260691E18	0.296	0.000	10828.896	Accept	Reject	Reject	Reject	Reject	Reject	Reject	1.503	0.665	11394.023	1.498
15	130	58.680	63.108	51.403	67.882	67.280	51.570	105797.525	2704.422	198.259	2773.616	191.115	0.930	0.864	0.747	0.767	0.865	0.975	0.025	0.964	0.775	2.6352491619940906E18	0.224	0.000	10817.688	Accept	Reject	Reject	Reject	Reject	Reject	Reject	1.321	0.757	11094.465	1.305
220	196	58.595	61.736	52.815	67.201	66.603	51.793	105337.294	2696.573	193.948	2746.552	189.595	0.949	0.872	0.760	0.778	0.901	0.982	0.018	0.978	0.760	3.7882064009993766E18	0.267	0.000	10786.293	Accept	Reject	Reject	Reject	Reject	Reject	Reject	1.272	0.786	10986.210	1.286
112	170	58.581	61.601	56.177	62.841	61.812	55.560	105259.380	2695.243	193.526	2747.030	187.248	0.951	0.932	0.869	0.899	0.904	0.981	0.019	0.968	0.763	3.7904230076979418E18	0.219	0.000	10780.973	Accept	Reject	Reject	Reject	Reject	Reject	Reject	1.119	0.894	10988.120	1.113
268	209	58.530	70.164	57.777	64.093	61.338	56.020	104988.538	2690.618	220.428	2847.578	191.124	0.834	0.913	0.834	0.913	0.696	0.945	0.055	0.867	0.727	3.6441302379379571E18	0.321	0.000	10762.473	Accept	Reject	Reject	Reject	Reject	Reject	Reject	1.109	0.901	11390.311	1.095
87	166	58.514	62.076	52.759	67.486	64.937	53.186	104898.554	2689.081	195.016	2738.232	190.621	0.943	0.867	0.752	0.819	0.889	0.982	0.018	0.977	0.755	2.6535896443717037E18	0.208	0.000	10756.322	Accept	Reject	Reject	Reject	Reject	Reject	Reject	1.279	0.782	10952.928	1.221
315	227	58.243	61.492	57.278	61.398	59.628	56.990	103452.298	2664.307	193.184	2725.337	186.540	0.947	0.949	0.900	0.956	0.897	0.978	0.022	0.966	0.758	2.6352491544631843E18	0.217	0.000	10657.227	Accept	Reject	Reject	Reject	Reject	Reject	Reject	1.072	0.933	10901.350	1.046
257	206	58.137	68.071	51.361	80.484	71.768	48.835	102886.775	2654.588	213.850	2821.286	202.796	0.854	0.722	0.522	0.680	0.729	0.941	0.059	0.948	0.642	2.7794046307083078E18	0.293	0.000	10618.353	Accept	Reject	Reject	Reject	Reject	Reject	Reject	1.567	0.638	11285.142	1.470
115	172	58.120	69.498	56.962	63.088	61.018	55.472	102794.320	2652.998	218.335	2793.207	189.010	0.836	0.921	0.849	0.909	0.699	0.950	0.050	0.866	0.738	2.779395747354392E18	0.283	0.000	10611.991	Accept	Reject	Reject	Reject	Reject	Reject	Reject	1.108	0.903	11172.829	1.100
241	203	58.025	60.345	55.454	62.623	60.736	55.524	102292.795	2644.361	189.580	2690.798	185.415	0.962	0.927	0.859	0.914	0.925	0.983	0.017	0.978	0.761	2.6532993559731386E18	0.202	0.000	10577.446	Accept	Reject	Reject	Reject	Reject	Reject	Reject	1.129	0.886	10763.192	1.094
138	178	58.019	68.158	57.240	62.214	60.402	55.877	102261.117	2643.816	214.124	2771.685	188.190	0.851	0.933	0.870	0.925	0.725	0.954	0.046	0.879	0.742	2.6352491619961626E18	0.284	0.000	10575.263	Accept	Reject	Reject	Reject	Reject	Reject	Reject	1.087	0.920	11086.741	1.081
266	209	58.018	66.237	54.182	67.167	65.143	52.401	102255.799	2643.724	208.089	2761.172	191.501	0.876	0.864	0.746	0.804	0.767	0.957	0.043	0.920	0.726	2.6352530714880342E18	0.253	0.000	10574.895	Accept	Reject	Reject	Reject	Reject	Reject	Reject	1.240	0.807	11044.688	1.243
185	188	58.008	69.497	52.841	69.913	67.363	50.312	102200.755	2642.775	218.330	2792.044	192.592	0.835	0.830	0.688	0.747	0.697	0.947	0.053	0.882	0.715	3.7882455022309069E18	0.291	0.000	10571.101	Accept	Reject	Reject	Reject	Reject	Reject	Reject	1.323	0.756	11168.177	1.339
342	237	57.920	69.534	52.920	68.341	64.017	52.546	101737.065	2634.775	218.447	2784.638	190.526	0.833	0.848	0.718	0.821	0.694	0.946	0.054	0.872	0.729	3.7900750819437914E18	0.310	0.000	10539.101	Accept	Reject	Reject	Reject	Reject	Reject	Reject	1.291	0.774	11138.550	1.218
309	223	57.847	63.323	54.543	69.106	63.373	54.892	101354.121	2628.159	198.936	2768.148	194.474	0.914	0.837	0.701	0.866	0.835	0.949	0.051	0.978	0.697	2.6352849660491622E18	0.192	0.000	10512.638	Accept	Reject	Reject	Reject	Reject	Reject	Reject	1.267	0.789	11072.593	1.155
272	209	57.832	74.854	50.545	69.904	67.920	49.375	101277.773	2626.840	235.160	2812.800	193.405	0.773	0.827	0.684	0.727	0.597	0.934	0.066	0.822	0.743	5.0671974115514253E18	0.346	0.000	10507.358	Accept	Reject	Reject	Reject	Reject	Reject	Reject	1.383	0.723	11251.199	1.376
30	143	57.823	62.534	54.467	62.336	61.961	54.046	101229.302	2626.001	196.455	2707.030	186.023	0.925	0.928	0.860	0.872	0.855	0.970	0.030	0.947	0.773	2.635253552524409E18	0.228	0.000	10504.005	Accept	Reject	Reject	Reject	Reject	Reject	Reject	1.144	0.874	10828.121	1.146
175	186	57.810	62.172	54.225	64.398	62.761	53.560	101162.150	2624.840	195.319	2718.502	187.823	0.930	0.898	0.806	0.853	0.865	0.966	0.034	0.962	0.752	2.7793995968553472E18	0.253	0.000	10499.360	Accept	Reject	Reject	Reject	Reject	Reject	Reject	1.188	0.842	10874.007	1.172
253	206	57.743	66.157	56.676	62.773	59.884	55.804	100806.832	2618.690	207.838	2722.792	186.765	0.873	0.920	0.846	0.932	0.762	0.962	0.038	0.899	0.736	2.6352839331079587E18	0.276	0.000	10474.760	Accept	Reject	Reject	Reject	Reject	Reject	Reject	1.108	0.903	10891.167	1.073
107	170	57.726	65.372	55.181	64.732	61.571	54.762	100718.084	2617.153	205.372	2711.280	188.631	0.883	0.892	0.795	0.889	0.780	0.965	0.035	0.918	0.733	3.6598224160774035E18	0.244	0.000	10468.612	Accept	Reject	Reject	Reject	Reject	Reject	Reject	1.173	0.852	10845.118	1.124
152	180	57.704	63.755	54.113	65.899	63.206	52.929	100601.699	2615.136	200.292	2706.320	187.483	0.905	0.876	0.767	0.837	0.819	0.966	0.034	0.936	0.733	2.7773940253522467E18	0.294	0.000	10460.545	Accept	Reject	Reject	Reject	Reject	Reject	Reject	1.218	0.821	10825.280	1.194
193	190	57.457	65.893	51.780	64.610	64.780	52.079	99319.720	2592.872	207.008	2715.669	190.370	0.872	0.889	0.791	0.804	0.760	0.955	0.045	0.920	0.775	2.7796855471901395E18	0.275	0.000	10371.489	Accept	Reject	Reject	Reject	Reject	Reject	Reject	1.248	0.801	10862.675	1.244
124	174	57.407	60.252	56.044	62.065	59.715	55.432	99061.117	2588.369	189.287	2653.904	184.854	0.953	0.925	0.856	0.928	0.908	0.975	0.025	0.977	0.744	2.7616666720978714E18	0.200	0.000	10353.478	Accept	Reject	Reject	Reject	Reject	Reject	Reject	1.107	0.903	10615.614	1.077
157	183	57.351	60.107	54.158	65.496	61.065	54.088	98768.854	2583.276	188.831	2645.244	185.308	0.954	0.876	0.767	0.886	0.910	0.977	0.023	0.981	0.728	2.6352844162957456E18	0.211	0.000	10333.104	Accept	Reject	Reject	Reject	Reject	Reject	Reject	1.209	0.827	10580.975	1.129
291	215	57.316	62.709	52.896	67.755	66.103	50.488	98589.446	2580.147	197.005	2654.894	188.568	0.914	0.846	0.716	0.764	0.835	0.972	0.028	0.957	0.720	2.6355311868482502E18	0.228	0.000	10320.587	Accept	Reject	Reject	Reject	Reject	Reject	Reject	1.281	0.781	10619.575	1.309
76	159	57.171	66.418	56.219	63.817	59.311	55.295	97842.601	2567.100	208.659	2688.463	186.488	0.861	0.896	0.803	0.932	0.741	0.955	0.045	0.894	0.716	2.6375010220566246E18	0.288	0.000	10268.399	Accept	Reject	Reject	Reject	Reject	Reject	Reject	1.135	0.881	10753.853	1.073
105	169	57.035	65.674	53.343	69.373	62.081	53.467	97147.022	2554.919	206.321	2685.608	191.874	0.868	0.822	0.676	0.861	0.754	0.951	0.049	0.930	0.690	2.6352844066173235E18	0.304	0.000	10219.676	Accept	Reject	Reject	Reject	Reject	Reject	Reject	1.301	0.769	10742.432	1.161
92	166	56.989	79.328	53.068	69.558	64.310	51.526	96908.625	2550.737	249.216	2796.952	194.322	0.718	0.819	0.671	0.801	0.516	0.912	0.088	0.780	0.691	2.7661306968396048E18	0.323	0.000	10202.950	Accept	Reject	Reject	Reject	Reject	Reject	Reject	1.311	0.763	11187.810	1.248
258	206	56.894	84.269	39.035	87.991	87.541	37.706	96428.625	2542.308	264.739	2821.881	213.879	0.675	0.647	0.418	0.431	0.456	0.901	0.099	0.808	0.740	5.0675096297884653E18	0.352	0.000	10169.230	Accept	Reject	Reject	Reject	Reject	Reject	Reject	2.254	0.444	11287.523	2.322
156	183	56.793	69.784	54.741	63.323	61.175	52.773	95913.461	2533.245	219.232	2682.198	185.900	0.814	0.897	0.804	0.863	0.662	0.944	0.056	0.848	0.731	3.8064709480660518E18	0.279	0.000	10132.980	Accept	Reject	Reject	Reject	Reject	Reject	Reject	1.157	0.864	10728.791	1.159
211	194	56.679	60.130	51.491	63.808	61.994	52.107	95336.619	2523.078	188.905	2579.759	183.919	0.943	0.888	0.789	0.841	0.888	0.978	0.022	0.974	0.768	2.6352535439153418E18	0.234	0.000	10092.312	Accept	Reject	Reject	Reject	Reject	Reject	Reject	1.239	0.807	10319.036	1.190
247	204	56.631	61.983	48.800	75.897	70.429	46.675	95098.285	2518.871	194.726	2572.162	192.205	0.914	0.746	0.557	0.663	0.835	0.979	0.021	0.987	0.680	2.6535500531974614E18	0.196	0.000	10075.484	Accept	Reject	Reject	Reject	Reject	Reject	Reject	1.555	0.643	10288.648	1.509
248	204	56.469	58.665	54.362	59.669	58.238	54.872	94280.129	2504.403	184.301	2547.676	180.770	0.963	0.946	0.896	0.942	0.927	0.983	0.017	0.981	0.772	2.6532992946336058E18	0.204	0.000	10017.613	Accept	Reject	Reject	Reject	Reject	Reject	Reject	1.098	0.911	10190.704	1.061
101	169	56.317	61.284	50.569	65.337	62.836	50.814	93524.200	2490.998	192.528	2566.231	184.086	0.919	0.862	0.743	0.809	0.844	0.971	0.029	0.956	0.754	2.7636061495399731E18	0.233	0.000	9963.994	Accept	Reject	Reject	Reject	Reject	Reject	Reject	1.292	0.774	10264.926	1.237
310	224	56.299	67.865	55.656	60.420	58.724	54.076	93434.921	2489.413	213.204	2624.044	182.902	0.830	0.932	0.868	0.921	0.688	0.949	0.051	0.858	0.740	2.7954133730215008E18	0.282	0.000	9957.653	Accept	Reject	Reject	Reject	Reject	Reject	Reject	1.086	0.921	10496.175	1.086
192	190	56.285	60.413	53.448	63.202	60.620	52.346	93361.306	2488.105	189.793	2556.749	181.265	0.932	0.891	0.793	0.864	0.868	0.973	0.027	0.955	0.737	3.6440906555002566E18	0.241	0.000	9952.420	Accept	Reject	Reject	Reject	Reject	Reject	Reject	1.182	0.846	10226.996	1.158
234	201	56.255	64.745	55.926	60.446	57.800	55.169	93216.471	2485.531	203.402	2596.522	183.192	0.869	0.931	0.866	0.954	0.755	0.957	0.043	0.901	0.735	3.6617889433579168E18	0.300	0.000	9942.125	Accept	Reject	Reject	Reject	Reject	Reject	Reject	1.081	0.925	10386.087	1.048
144	180	56.007	59.076	54.443	59.388	58.286	53.862	91986.339	2463.616	185.592	2521.257	179.188	0.948	0.943	0.889	0.924	0.899	0.977	0.023	0.965	0.762	2.6352492231826938E18	0.250	0.000	9854.465	Accept	Reject	Reject	Reject	Reject	Reject	Reject	1.091	0.917	10085.027	1.082
289	215	55.839	64.066	48.395	68.564	65.880	47.627	91159.771	2448.835	201.269	2535.875	184.019	0.872	0.814	0.663	0.723	0.760	0.966	0.034	0.914	0.738	3.6620693874080288E18	0.246	0.000	9795.342	Accept	Reject	Reject	Reject	Reject	Reject	Reject	1.417	0.706	10143.502	1.383
43	148	55.793	70.300	56.550	60.231	56.656	55.110	90936.394	2444.834	220.854	2624.094	183.307	0.794	0.926	0.858	0.973	0.630	0.932	0.068	0.830	0.718	3.6443369459729837E18	0.306	0.000	9779.334	Accept	Reject	Reject	Reject	Reject	Reject	Reject	1.065	0.939	10496.378	1.028
41	148	55.744	64.457	55.302	59.395	57.058	54.581	90696.599	2440.534	202.497	2571.698	181.364	0.865	0.939	0.881	0.957	0.748	0.949	0.051	0.896	0.743	2.635249222108952E18	0.308	0.000	9762.134	Accept	Reject	Reject	Reject	Reject	Reject	Reject	1.074	0.931	10286.793	1.045
136	177	55.707	58.107	51.403	60.758	60.055	51.869	90518.409	2437.336	182.547	2477.711	179.538	0.959	0.917	0.841	0.864	0.919	0.984	0.016	0.984	0.780	2.6352535526418208E18	0.215	0.000	9749.345	Accept	Reject	Reject	Reject	Reject	Reject	Reject	1.182	0.846	9910.842	1.158
285	214	55.688	67.856	49.496	75.903	72.277	45.216	90422.270	2435.610	213.176	2655.780	198.182	0.821	0.734	0.538	0.626	0.674	0.917	0.083	0.930	0.648	2.7996657338389478E18	0.271	0.000	9742.440	Accept	Reject	Reject	Reject	Reject	Reject	Reject	1.534	0.652	10623.121	1.598
261	208	55.595	60.800	54.465	59.619	57.547	53.919	89973.322	2427.541	191.009	2508.273	179.346	0.914	0.933	0.870	0.937	0.836	0.968	0.032	0.939	0.748	2.7791224597809862E18	0.299	0.000	9710.166	Accept	Reject	Reject	Reject	Reject	Reject	Reject	1.095	0.914	10033.092	1.067
6	92	55.085	61.394	52.138	63.418	59.896	52.700	87520.373	2383.217	192.875	2509.058	185.125	0.897	0.869	0.754	0.880	0.805	0.950	0.050	0.960	0.721	2.6539024563545846E18	0.315	0.000	9532.868	Accept	Reject	Reject	Reject	Reject	Reject	Reject	1.216	0.822	10036.234	1.137
123	174	54.582	61.769	44.096	71.890	75.520	41.088	85141.441	2339.833	194.052	2476.544	189.361	0.884	0.759	0.576	0.544	0.781	0.945	0.055	0.976	0.738	2.6352491621325066E18	0.211	0.000	9359.331	Accept	Reject	Reject	Reject	Reject	Reject	Reject	1.630	0.613	9906.176	1.838
69	157	54.283	60.121	51.014	64.585	59.739	49.920	83749.634	2314.263	188.876	2402.664	178.336	0.903	0.840	0.706	0.836	0.815	0.963	0.037	0.944	0.702	2.6352491630677946E18	0.260	0.000	9257.052	Accept	Reject	Reject	Reject	Reject	Reject	Reject	1.266	0.790	9610.655	1.197
31	143	54.152	63.802	44.570	75.955	73.303	42.209	83146.304	2303.135	200.440	2506.427	192.889	0.849	0.713	0.508	0.576	0.720	0.919	0.081	0.962	0.680	2.6352492320602336E18	0.201	0.000	9212.540	Accept	Reject	Reject	Reject	Reject	Reject	Reject	1.704	0.587	10025.706	1.737
147	180	54.072	68.824	46.765	71.138	69.026	43.979	82779.302	2296.353	216.216	2463.014	189.357	0.786	0.760	0.578	0.637	0.617	0.932	0.068	0.876	0.690	2.6352629841761254E18	0.323	0.000	9185.412	Accept	Reject	Reject	Reject	Reject	Reject	Reject	1.521	0.657	9852.056	1.570
102	169	53.902	60.746	51.412	66.862	61.671	49.812	81998.767	2281.895	190.838	2464.852	183.742	0.887	0.806	0.650	0.808	0.787	0.926	0.074	0.963	0.664	2.7819724517634963E18	0.217	0.000	9127.581	Accept	Reject	Reject	Reject	Reject	Reject	Reject	1.301	0.769	9859.406	1.238
154	182	53.644	59.371	44.983	66.495	67.062	43.618	80828.390	2260.130	186.520	2391.933	179.617	0.904	0.807	0.651	0.650	0.816	0.945	0.055	0.963	0.756	2.635284346365913E18	0.222	0.000	9040.520	Accept	Reject	Reject	Reject	Reject	Reject	Reject	1.478	0.676	9567.731	1.538
294	216	53.621	69.061	53.886	60.221	54.650	52.681	80724.301	2258.189	216.963	2421.043	176.372	0.776	0.890	0.793	0.964	0.603	0.933	0.067	0.813	0.696	3.7904225268145011E18	0.313	0.000	9032.757	Accept	Reject	Reject	Reject	Reject	Reject	Reject	1.118	0.895	9684.172	1.037
169	186	53.567	56.524	50.858	59.204	57.120	50.903	80479.529	2253.622	177.576	2297.838	173.832	0.948	0.905	0.819	0.891	0.898	0.981	0.019	0.979	0.748	2.7613499440445382E18	0.206	0.000	9014.488	Accept	Reject	Reject	Reject	Reject	Reject	Reject	1.164	0.859	9191.352	1.122
334	232	53.237	63.699	45.104	64.960	64.161	45.071	79003.384	2225.980	200.115	2352.396	180.065	0.836	0.820	0.672	0.702	0.699	0.946	0.054	0.900	0.760	3.6460572081503136E18	0.284	0.000	8903.921	Accept	Reject	Reject	Reject	Reject	Reject	Reject	1.440	0.694	9409.582	1.424
222	197	53.176	58.336	49.379	61.153	58.616	48.331	78730.463	2220.851	183.268	2300.408	172.484	0.912	0.870	0.756	0.825	0.831	0.965	0.035	0.941	0.735	3.7859541189395885E18	0.292	0.000	8883.403	Accept	Reject	Reject	Reject	Reject	Reject	Reject	1.238	0.807	9201.631	1.213
277	212	53.120	56.804	51.855	58.726	56.817	50.850	78484.622	2216.225	178.456	2282.811	174.695	0.935	0.905	0.818	0.895	0.875	0.971	0.029	0.979	0.728	2.6355311782751293E18	0.192	0.000	8864.900	Accept	Reject	Reject	Reject	Reject	Reject	Reject	1.132	0.883	9131.243	1.117
35	145	53.116	64.562	52.672	57.872	55.414	51.050	78465.601	2215.867	202.828	2362.231	174.249	0.823	0.918	0.842	0.921	0.677	0.938	0.062	0.859	0.727	3.7884869146942931E18	0.341	0.000	8863.468	Accept	Reject	Reject	Reject	Reject	Reject	Reject	1.099	0.910	9448.925	1.085
143	179	52.976	58.250	49.742	60.716	57.329	49.099	77845.971	2204.186	182.996	2289.259	172.153	0.909	0.873	0.761	0.856	0.827	0.963	0.037	0.941	0.730	2.635249222393936E18	0.279	0.000	8816.743	Accept	Reject	Reject	Reject	Reject	Reject	Reject	1.221	0.819	9157.037	1.168
329	231	52.964	62.181	39.437	73.339	74.671	39.155	77793.677	2203.199	195.346	2353.101	188.067	0.852	0.722	0.522	0.524	0.726	0.936	0.064	0.963	0.762	3.7704428393366022E18	0.216	0.000	8812.794	Accept	Reject	Reject	Reject	Reject	Reject	Reject	1.860	0.538	9412.404	1.907
128	175	52.761	56.768	50.794	57.823	55.886	49.871	76901.403	2186.320	178.342	2258.415	169.979	0.929	0.912	0.833	0.892	0.864	0.968	0.032	0.953	0.744	2.6352536213799706E18	0.259	0.000	8745.278	Accept	Reject	Reject	Reject	Reject	Reject	Reject	1.138	0.878	9033.659	1.121
97	167	52.695	58.472	46.370	62.377	59.714	47.415	76615.619	2180.899	183.696	2290.913	175.074	0.901	0.845	0.714	0.794	0.812	0.952	0.048	0.953	0.754	3.6624261876556198E18	0.254	0.000	8723.598	Accept	Reject	Reject	Reject	Reject	Reject	Reject	1.345	0.743	9163.653	1.259
227	199	52.653	68.212	51.073	60.581	57.589	48.413	76429.427	2177.365	214.293	2346.819	175.248	0.772	0.869	0.755	0.841	0.596	0.928	0.072	0.818	0.704	3.7701562671537626E18	0.302	0.000	8709.460	Accept	Reject	Reject	Reject	Reject	Reject	Reject	1.186	0.843	9387.274	1.190
214	196	52.486	55.781	51.151	56.159	54.077	50.957	75705.873	2163.601	175.240	2221.389	168.225	0.941	0.935	0.873	0.942	0.885	0.974	0.026	0.960	0.753	3.7882064019244787E18	0.232	0.000	8654.404	Accept	Reject	Reject	Reject	Reject	Reject	Reject	1.098	0.911	8885.558	1.061
29	138	52.445	62.351	47.210	66.093	65.762	43.179	75527.902	2160.209	195.882	2303.788	178.806	0.841	0.793	0.630	0.657	0.707	0.938	0.062	0.913	0.692	2.7771522016628061E18	0.293	0.000	8640.836	Accept	Reject	Reject	Reject	Reject	Reject	Reject	1.400	0.714	9215.153	1.523
201	192	52.398	57.143	49.232	62.869	58.256	48.740	75323.490	2156.310	179.519	2239.265	175.830	0.917	0.833	0.695	0.837	0.841	0.963	0.037	0.979	0.697	3.6620742750639974E18	0.226	0.000	8625.238	Accept	Reject	Reject	Reject	Reject	Reject	Reject	1.277	0.783	8957.062	1.195
14	126	52.377	57.558	52.256	56.483	54.323	51.542	75234.697	2154.615	180.823	2229.982	171.556	0.910	0.927	0.860	0.949	0.828	0.966	0.034	0.949	0.730	2.637501504166672E18	0.253	0.000	8618.458	Accept	Reject	Reject	Reject	Reject	Reject	Reject	1.081	0.925	8919.928	1.054
216	196	52.218	60.922	47.323	61.192	60.381	45.261	74552.728	2141.574	191.391	2262.372	172.059	0.857	0.853	0.728	0.750	0.735	0.947	0.053	0.899	0.740	3.6440950621707814E18	0.311	0.000	8566.298	Accept	Reject	Reject	Reject	Reject	Reject	Reject	1.293	0.773	9049.487	1.334
318	227	52.106	56.043	49.389	56.786	55.159	49.317	74073.563	2132.388	176.064	2190.267	167.560	0.930	0.918	0.842	0.894	0.864	0.974	0.026	0.952	0.760	2.6352535525094624E18	0.269	0.000	8529.553	Accept	Reject	Reject	Reject	Reject	Reject	Reject	1.150	0.870	8761.067	1.118
19	135	52.053	53.354	49.256	55.035	54.241	50.002	73846.001	2128.019	167.616	2153.294	165.811	0.976	0.946	0.895	0.922	0.952	0.988	0.012	0.989	0.785	2.635284407706041E18	0.213	0.000	8512.075	Accept	Reject	Reject	Reject	Reject	Reject	Reject	1.117	0.895	8613.176	1.085
243	203	52.046	55.145	48.337	60.226	56.887	48.103	73816.008	2127.443	173.243	2167.795	169.045	0.944	0.864	0.747	0.846	0.891	0.981	0.019	0.976	0.731	2.635249154343384E18	0.238	0.000	8509.770	Accept	Reject	Reject	Reject	Reject	Reject	Reject	1.246	0.803	8671.180	1.183
13	124	51.967	62.517	48.455	60.229	58.445	46.300	73480.546	2120.992	196.404	2246.835	171.116	0.831	0.863	0.744	0.792	0.691	0.944	0.056	0.871	0.727	2.6352497127083027E18	0.311	0.000	8483.969	Accept	Reject	Reject	Reject	Reject	Reject	Reject	1.243	0.805	8987.341	1.262
328	231	51.960	62.378	49.786	58.555	55.486	49.186	73451.536	2120.434	195.967	2264.263	172.330	0.833	0.887	0.787	0.886	0.694	0.936	0.064	0.879	0.727	3.7881712154174886E18	0.308	0.000	8481.735	Accept	Reject	Reject	Reject	Reject	Reject	Reject	1.176	0.850	9057.051	1.128
55	152	51.860	54.991	48.893	59.551	56.525	48.157	73029.612	2112.306	172.760	2169.979	169.181	0.943	0.871	0.758	0.852	0.889	0.973	0.027	0.979	0.725	3.7882059112391462E18	0.206	0.000	8449.224	Accept	Reject	Reject	Reject	Reject	Reject	Reject	1.218	0.821	8679.916	1.174
89	166	51.828	56.980	47.935	57.406	56.273	47.972	72894.286	2109.695	179.007	2183.178	168.792	0.910	0.903	0.815	0.852	0.827	0.966	0.034	0.943	0.767	2.6352844075883085E18	0.261	0.000	8438.782	Accept	Reject	Reject	Reject	Reject	Reject	Reject	1.198	0.835	8732.713	1.173
321	228	51.771	63.333	48.582	60.019	55.500	48.432	72652.976	2105.037	198.968	2244.701	170.502	0.817	0.863	0.744	0.873	0.668	0.938	0.062	0.857	0.722	3.7881750647837587E18	0.310	0.000	8420.148	Accept	Reject	Reject	Reject	Reject	Reject	Reject	1.235	0.809	8978.804	1.146
262	208	51.726	55.447	50.959	54.418	52.910	50.661	72463.994	2101.385	174.193	2161.962	166.256	0.933	0.951	0.904	0.957	0.870	0.972	0.028	0.954	0.758	2.6352491535215632E18	0.248	0.000	8405.540	Accept	Reject	Reject	Reject	Reject	Reject	Reject	1.068	0.936	8647.847	1.044
120	173	51.670	53.815	50.916	54.237	52.592	50.848	72230.634	2096.871	169.065	2130.008	164.857	0.960	0.953	0.908	0.967	0.922	0.984	0.016	0.975	0.759	3.6440554785250816E18	0.274	0.000	8387.485	Accept	Reject	Reject	Reject	Reject	Reject	Reject	1.065	0.939	8520.033	1.034
116	172	51.577	53.831	49.494	57.645	55.541	48.282	71840.407	2089.312	169.115	2126.986	166.147	0.958	0.895	0.801	0.869	0.918	0.982	0.018	0.982	0.732	2.6352491621136282E18	0.245	0.000	8357.248	Accept	Reject	Reject	Reject	Reject	Reject	Reject	1.165	0.859	8507.945	1.150
67	156	51.574	65.083	42.415	68.657	70.273	40.022	71826.974	2089.052	204.465	2290.053	183.274	0.792	0.751	0.564	0.570	0.628	0.912	0.088	0.896	0.717	2.6372541729866861E18	0.320	0.000	8356.207	Accept	Reject	Reject	Reject	Reject	Reject	Reject	1.619	0.618	9160.211	1.756
225	198	51.533	54.540	50.791	56.808	52.531	51.013	71656.038	2085.736	171.341	2154.054	167.938	0.945	0.907	0.823	0.971	0.893	0.968	0.032	0.980	0.723	2.6400788281419229E18	0.195	0.000	8342.944	Accept	Reject	Reject	Reject	Reject	Reject	Reject	1.118	0.894	8616.215	1.030
251	205	51.470	53.703	48.044	56.734	54.915	48.367	71394.881	2080.665	168.712	2119.826	165.397	0.958	0.907	0.823	0.881	0.919	0.982	0.018	0.980	0.763	2.6375406132166512E18	0.213	0.000	8322.661	Accept	Reject	Reject	Reject	Reject	Reject	Reject	1.181	0.847	8479.303	1.135
25	137	51.461	54.888	50.816	53.909	52.460	50.611	71355.374	2079.897	172.435	2137.711	165.272	0.938	0.955	0.911	0.965	0.879	0.973	0.027	0.958	0.759	2.6352497042378771E18	0.235	0.000	8319.589	Accept	Reject	Reject	Reject	Reject	Reject	Reject	1.061	0.943	8550.844	1.037
246	203	51.460	54.879	46.535	58.343	57.354	46.266	71352.212	2079.836	172.408	2133.006	166.240	0.938	0.882	0.778	0.807	0.879	0.975	0.025	0.964	0.766	2.6375015804196762E18	0.282	0.000	8319.344	Accept	Reject	Reject	Reject	Reject	Reject	Reject	1.254	0.798	8532.026	1.240
252	205	51.427	58.752	36.735	71.202	72.846	36.705	71215.377	2077.176	184.573	2150.722	179.222	0.875	0.722	0.522	0.504	0.766	0.966	0.034	0.971	0.794	3.8067888445206266E18	0.275	0.000	8308.705	Accept	Reject	Reject	Reject	Reject	Reject	Reject	1.938	0.516	8602.888	1.985
231	200	51.427	57.283	43.115	67.767	68.115	40.172	71213.752	2077.145	179.960	2154.303	176.752	0.898	0.759	0.576	0.590	0.806	0.964	0.036	0.982	0.711	2.6355351048125942E18	0.216	0.000	8308.578	Accept	Reject	Reject	Reject	Reject	Reject	Reject	1.572	0.636	8617.213	1.696
286	214	51.240	55.101	49.977	54.857	53.524	49.136	70439.513	2062.062	173.105	2128.499	164.848	0.930	0.934	0.872	0.918	0.865	0.969	0.031	0.952	0.752	2.6352882549062179E18	0.270	0.000	8248.247	Accept	Reject	Reject	Reject	Reject	Reject	Reject	1.098	0.911	8513.997	1.089
293	215	51.228	54.382	48.469	57.763	54.744	48.492	70391.820	2061.131	170.845	2112.936	166.977	0.942	0.887	0.787	0.886	0.887	0.975	0.025	0.977	0.736	2.7973788097851085E18	0.262	0.000	8244.524	Accept	Reject	Reject	Reject	Reject	Reject	Reject	1.192	0.839	8451.742	1.129
51	150	51.033	63.149	50.593	54.950	52.488	49.773	69591.963	2045.488	198.387	2201.491	168.146	0.808	0.929	0.863	0.948	0.653	0.929	0.071	0.848	0.736	2.6532636389076317E18	0.325	0.000	8181.950	Accept	Reject	Reject	Reject	Reject	Reject	Reject	1.086	0.921	8805.965	1.055
9	100	50.934	60.753	48.259	57.686	55.752	46.664	69188.002	2037.564	190.860	2151.877	166.860	0.838	0.883	0.780	0.837	0.703	0.947	0.053	0.874	0.732	3.6463166339561702E18	0.317	0.000	8150.257	Accept	Reject	Reject	Reject	Reject	Reject	Reject	1.195	0.837	8607.507	1.195
39	148	50.827	52.789	49.810	54.851	52.572	49.339	68752.781	2029.011	165.842	2062.295	162.804	0.963	0.927	0.859	0.938	0.927	0.984	0.016	0.982	0.743	2.7793648999453354E18	0.226	0.000	8116.042	Accept	Reject	Reject	Reject	Reject	Reject	Reject	1.101	0.908	8249.179	1.066
81	162	50.361	52.283	47.596	54.779	53.902	47.330	66876.727	1991.930	164.250	2023.382	161.634	0.963	0.919	0.845	0.878	0.928	0.984	0.016	0.984	0.764	2.635566432438569E18	0.214	0.000	7967.721	Accept	Reject	Reject	Reject	Reject	Reject	Reject	1.151	0.869	8093.529	1.139
255	206	49.933	58.954	42.162	72.641	63.435	40.676	65186.775	1958.231	185.209	2130.556	178.460	0.847	0.687	0.473	0.641	0.717	0.919	0.081	0.964	0.639	2.8002336219142701E18	0.221	0.000	7832.922	Accept	Reject	Reject	Reject	Reject	Reject	Reject	1.723	0.580	8522.226	1.560
278	212	49.927	56.220	49.379	53.520	51.540	48.432	65165.476	1957.804	176.619	2043.264	161.503	0.888	0.933	0.870	0.940	0.789	0.958	0.042	0.914	0.741	3.6443374969370483E18	0.296	0.000	7831.216	Accept	Reject	Reject	Reject	Reject	Reject	Reject	1.084	0.923	8173.056	1.064
338	235	49.913	63.194	48.812	58.153	53.662	46.771	65109.421	1956.681	198.531	2128.425	166.515	0.790	0.858	0.737	0.872	0.624	0.919	0.081	0.839	0.689	2.7773940262920662E18	0.326	0.000	7826.724	Accept	Reject	Reject	Reject	Reject	Reject	Reject	1.191	0.839	8513.700	1.147
304	220	49.852	54.634	45.638	60.926	59.413	42.921	64872.242	1951.926	171.638	2042.499	166.942	0.912	0.818	0.670	0.722	0.833	0.956	0.044	0.973	0.702	2.6352943829012781E18	0.216	0.000	7807.705	Accept	Reject	Reject	Reject	Reject	Reject	Reject	1.335	0.749	8169.997	1.384
187	189	49.829	60.773	48.117	57.295	54.613	45.511	64782.059	1950.117	190.924	2081.925	164.343	0.820	0.870	0.756	0.833	0.672	0.937	0.063	0.861	0.707	2.6375015729032253E18	0.315	0.000	7800.467	Accept	Reject	Reject	Reject	Reject	Reject	Reject	1.191	0.840	8327.699	1.200
336	233	49.796	55.022	48.460	59.316	52.982	48.329	64652.484	1947.516	172.856	2036.401	167.229	0.905	0.840	0.705	0.912	0.819	0.956	0.044	0.967	0.678	2.6561178251798256E18	0.216	0.000	7790.063	Accept	Reject	Reject	Reject	Reject	Reject	Reject	1.224	0.817	8145.603	1.096
299	218	49.590	55.353	46.702	55.910	53.317	46.254	63851.994	1931.407	173.896	2013.210	161.385	0.896	0.887	0.787	0.868	0.803	0.959	0.041	0.928	0.740	2.7613544098560547E18	0.267	0.000	7725.628	Accept	Reject	Reject	Reject	Reject	Reject	Reject	1.197	0.835	8052.841	1.153
196	191	49.423	58.686	49.443	54.148	50.238	48.979	63211.271	1918.465	184.368	2044.067	162.626	0.842	0.913	0.833	0.975	0.709	0.939	0.061	0.882	0.717	3.7884527526751546E18	0.302	0.000	7673.859	Accept	Reject	Reject	Reject	Reject	Reject	Reject	1.095	0.913	8176.269	1.026
132	176	49.335	61.850	35.829	71.666	72.991	34.222	62871.577	1911.585	194.306	2088.722	178.476	0.798	0.688	0.474	0.469	0.636	0.915	0.085	0.919	0.744	2.779400084353305E18	0.304	0.000	7646.341	Accept	Reject	Reject	Reject	Reject	Reject	Reject	2.000	0.500	8354.888	2.133
259	207	49.284	54.004	46.981	55.757	53.886	45.178	62679.088	1907.682	169.659	1975.561	159.858	0.913	0.884	0.781	0.838	0.833	0.966	0.034	0.942	0.728	2.6375373243622221E18	0.270	0.000	7630.727	Accept	Reject	Reject	Reject	Reject	Reject	Reject	1.187	0.843	7902.244	1.193
73	159	49.268	60.425	44.706	61.485	57.685	42.551	62618.588	1906.454	189.830	2051.306	166.289	0.815	0.801	0.642	0.738	0.665	0.929	0.071	0.876	0.694	3.7724124671620032E18	0.308	0.000	7625.816	Accept	Reject	Reject	Reject	Reject	Reject	Reject	1.375	0.727	8205.226	1.356
142	179	49.218	54.682	45.597	61.553	58.563	43.662	62427.636	1902.576	171.789	2011.258	167.167	0.900	0.800	0.639	0.746	0.810	0.946	0.054	0.973	0.678	2.635293832107969E18	0.224	0.000	7610.304	Accept	Reject	Reject	Reject	Reject	Reject	Reject	1.350	0.741	8045.031	1.341
182	188	49.168	51.194	45.987	54.781	52.547	46.097	62236.055	1898.682	160.831	1932.660	157.768	0.960	0.898	0.806	0.877	0.922	0.982	0.018	0.981	0.754	3.7882059209196358E18	0.218	0.000	7594.727	Accept	Reject	Reject	Reject	Reject	Reject	Reject	1.191	0.839	7730.640	1.140
288	215	49.157	53.145	44.170	57.455	55.058	44.795	62194.927	1897.845	166.961	1964.651	162.249	0.925	0.856	0.732	0.814	0.856	0.966	0.034	0.972	0.748	2.6352497032795078E18	0.227	0.000	7591.380	Accept	Reject	Reject	Reject	Reject	Reject	Reject	1.301	0.769	7858.604	1.229
335	232	48.988	58.230	46.677	56.250	52.944	45.466	61556.031	1884.826	182.934	1999.937	161.049	0.841	0.871	0.758	0.859	0.708	0.942	0.058	0.880	0.718	5.0694839403577203E18	0.311	0.000	7539.303	Accept	Reject	Reject	Reject	Reject	Reject	Reject	1.205	0.830	7999.747	1.164
59	153	48.973	58.089	42.214	60.217	58.013	41.457	61500.227	1883.686	182.492	1989.386	162.867	0.843	0.813	0.661	0.715	0.711	0.947	0.053	0.892	0.741	2.6352497043512166E18	0.295	0.000	7534.746	Accept	Reject	Reject	Reject	Reject	Reject	Reject	1.426	0.701	7957.543	1.399
322	228	48.929	67.123	49.232	54.004	51.988	46.197	61332.919	1880.269	210.872	2041.515	161.968	0.729	0.906	0.821	0.889	0.531	0.921	0.079	0.768	0.707	2.7638816384193469E18	0.331	0.000	7521.075	Accept	Reject	Reject	Reject	Reject	Reject	Reject	1.097	0.912	8166.059	1.125
63	154	48.862	51.808	47.172	53.959	52.753	45.779	61081.324	1875.123	162.758	1921.861	158.592	0.943	0.906	0.820	0.868	0.890	0.976	0.024	0.974	0.737	2.6352491621304387E18	0.226	0.000	7500.492	Accept	Reject	Reject	Reject	Reject	Reject	Reject	1.144	0.874	7687.445	1.152
242	203	48.853	53.273	45.889	54.854	53.680	44.563	61048.820	1874.458	167.363	1940.489	158.253	0.917	0.891	0.793	0.830	0.841	0.966	0.034	0.946	0.745	3.7904582706086406E18	0.257	0.000	7497.831	Accept	Reject	Reject	Reject	Reject	Reject	Reject	1.195	0.837	7761.954	1.205
213	195	48.791	53.198	45.860	56.734	55.971	42.811	60816.111	1869.691	167.125	1928.872	160.435	0.917	0.860	0.740	0.765	0.841	0.969	0.031	0.960	0.719	3.7881705977514694E18	0.280	0.000	7478.765	Accept	Reject	Reject	Reject	Reject	Reject	Reject	1.237	0.808	7715.489	1.307
195	191	48.762	51.027	45.264	53.171	52.947	45.086	60709.008	1867.496	160.306	1907.465	157.419	0.956	0.917	0.841	0.852	0.913	0.979	0.021	0.982	0.776	2.6375009618077715E18	0.228	0.000	7469.982	Accept	Reject	Reject	Reject	Reject	Reject	Reject	1.175	0.851	7629.859	1.174
198	191	48.728	58.342	45.631	56.159	54.639	43.552	60579.728	1864.843	183.286	1982.010	160.426	0.835	0.868	0.753	0.797	0.698	0.941	0.059	0.875	0.728	2.6352541088778957E18	0.304	0.000	7459.373	Accept	Reject	Reject	Reject	Reject	Reject	Reject	1.231	0.813	7928.039	1.255
199	192	48.671	52.711	46.126	53.636	52.606	45.235	60366.980	1860.475	165.596	1917.443	157.362	0.923	0.907	0.823	0.860	0.853	0.970	0.030	0.950	0.752	2.6352535601598771E18	0.253	0.000	7441.898	Accept	Reject	Reject	Reject	Reject	Reject	Reject	1.163	0.860	7669.774	1.163
140	179	48.594	50.240	44.257	56.025	54.405	43.481	60081.701	1854.609	157.835	1879.648	156.200	0.967	0.867	0.752	0.799	0.936	0.987	0.013	0.990	0.748	3.7884571593118701E18	0.193	0.000	7418.435	Accept	Reject	Reject	Reject	Reject	Reject	Reject	1.266	0.790	7518.592	1.251
203	192	48.396	59.245	40.068	61.202	60.215	39.356	59351.419	1839.550	186.125	1956.605	163.971	0.817	0.791	0.625	0.654	0.667	0.940	0.060	0.881	0.750	3.7882466039610266E18	0.315	0.000	7358.199	Accept	Reject	Reject	Reject	Reject	Reject	Reject	1.527	0.655	7826.420	1.530
125	174	48.275	56.001	45.395	57.969	54.062	43.340	58906.647	1830.348	175.933	1927.043	159.373	0.862	0.833	0.694	0.802	0.743	0.950	0.050	0.906	0.696	3.6440560886982758E18	0.292	0.000	7321.392	Accept	Reject	Reject	Reject	Reject	Reject	Reject	1.277	0.783	7708.173	1.247
82	162	48.075	55.996	47.473	52.432	50.387	45.963	58178.768	1815.239	175.918	1917.454	156.836	0.859	0.917	0.841	0.912	0.737	0.947	0.053	0.892	0.729	2.779113722607384E18	0.308	0.000	7260.956	Accept	Reject	Reject	Reject	Reject	Reject	Reject	1.104	0.905	7669.817	1.096
7	96	48.036	56.920	34.585	68.322	68.858	33.957	58037.659	1812.303	178.820	1893.019	168.923	0.844	0.703	0.494	0.493	0.712	0.957	0.043	0.945	0.767	2.6352497120186061E18	0.252	0.000	7249.210	Accept	Reject	Reject	Reject	Reject	Reject	Reject	1.976	0.506	7572.076	2.028
78	161	47.917	54.591	42.869	56.186	55.951	42.724	57604.884	1803.282	171.501	1967.137	163.848	0.878	0.853	0.727	0.764	0.770	0.917	0.083	0.955	0.749	2.6355702107970694E18	0.228	0.000	7213.128	Accept	Reject	Reject	Reject	Reject	Reject	Reject	1.311	0.763	7868.546	1.310
104	169	47.741	55.241	47.380	51.841	48.872	46.729	56973.146	1790.074	173.544	1877.709	155.159	0.864	0.921	0.848	0.956	0.747	0.953	0.047	0.894	0.729	3.6440647481401158E18	0.297	0.000	7160.295	Accept	Reject	Reject	Reject	Reject	Reject	Reject	1.094	0.914	7510.835	1.046
10	101	47.722	60.911	47.086	64.393	64.413	42.775	56904.860	1788.643	191.358	2193.696	177.437	0.783	0.741	0.549	0.664	0.614	0.815	0.185	0.927	0.590	2.6352536299695725E18	0.222	0.000	7154.572	Accept	Reject	Reject	Reject	Reject	Reject	Reject	1.368	0.731	8774.783	1.506
129	176	47.661	52.163	46.831	51.053	48.967	46.431	56688.873	1784.114	163.874	1855.338	153.864	0.914	0.934	0.872	0.948	0.835	0.962	0.038	0.939	0.746	3.7862004106200166E18	0.287	0.000	7136.458	Accept	Reject	Reject	Reject	Reject	Reject	Reject	1.090	0.917	7421.351	1.055
111	170	47.618	53.967	47.344	50.641	48.985	46.336	56535.454	1780.894	169.541	1868.080	154.901	0.882	0.940	0.884	0.946	0.779	0.953	0.047	0.914	0.743	3.7701612075722816E18	0.309	0.000	7123.576	Accept	Reject	Reject	Reject	Reject	Reject	Reject	1.070	0.935	7472.321	1.057
20	135	47.554	52.413	45.477	57.809	52.628	44.250	56306.243	1776.077	164.661	1880.504	160.546	0.907	0.823	0.677	0.841	0.823	0.944	0.056	0.975	0.676	2.7793995367258291E18	0.218	0.000	7104.309	Accept	Reject	Reject	Reject	Reject	Reject	Reject	1.271	0.787	7522.016	1.189
56	152	47.516	51.213	45.046	52.815	51.567	43.859	56172.156	1773.256	160.889	1827.712	153.247	0.928	0.900	0.809	0.851	0.861	0.970	0.030	0.953	0.745	2.6352535516032672E18	0.260	0.000	7093.025	Accept	Reject	Reject	Reject	Reject	Reject	Reject	1.172	0.853	7310.849	1.176
162	184	47.505	52.577	44.830	53.855	52.100	43.388	56132.662	1772.425	165.175	1842.843	154.393	0.904	0.882	0.778	0.833	0.816	0.962	0.038	0.935	0.734	2.6510474874546893E18	0.278	0.000	7089.701	Accept	Reject	Reject	Reject	Reject	Reject	Reject	1.201	0.832	7371.371	1.201
45	149	47.417	60.039	37.303	64.123	62.803	36.130	55822.231	1765.884	188.618	1909.441	165.569	0.790	0.739	0.547	0.575	0.624	0.925	0.075	0.878	0.738	3.6440868072261075E18	0.328	0.000	7063.537	Accept	Reject	Reject	Reject	Reject	Reject	Reject	1.719	0.582	7637.764	1.738
94	166	47.408	60.508	39.294	62.706	59.230	38.058	55788.806	1765.179	190.090	1915.446	162.670	0.784	0.756	0.572	0.643	0.614	0.922	0.078	0.856	0.716	3.9503107781738323E18	0.329	0.000	7060.717	Accept	Reject	Reject	Reject	Reject	Reject	Reject	1.596	0.627	7661.784	1.556
184	188	46.835	54.319	46.646	50.343	48.847	45.075	53791.911	1722.802	170.648	1833.225	153.323	0.862	0.930	0.865	0.923	0.743	0.940	0.060	0.898	0.734	2.6352848296698035E18	0.279	0.000	6891.209	Accept	Reject	Reject	Reject	Reject	Reject	Reject	1.079	0.927	7332.901	1.084
357	245	46.788	48.149	44.304	51.976	49.986	43.923	53628.356	1719.308	151.266	1737.440	149.754	0.972	0.900	0.810	0.879	0.944	0.990	0.010	0.990	0.747	2.6352497118694419E18	0.210	0.000	6877.234	Accept	Reject	Reject	Reject	Reject	Reject	Reject	1.173	0.852	6949.761	1.138
189	189	46.665	57.626	39.419	61.226	57.529	38.196	53208.792	1710.329	181.037	1825.977	158.760	0.810	0.762	0.581	0.664	0.656	0.937	0.063	0.877	0.709	2.6352491544608538E18	0.344	0.000	6841.317	Accept	Reject	Reject	Reject	Reject	Reject	Reject	1.553	0.644	7303.907	1.506
179	187	46.573	60.549	39.566	62.472	58.547	37.533	52893.925	1703.575	190.221	1863.604	161.406	0.769	0.746	0.556	0.641	0.592	0.914	0.086	0.849	0.689	2.7790878154359619E18	0.331	0.000	6814.301	Accept	Reject	Reject	Reject	Reject	Reject	Reject	1.579	0.633	7454.415	1.560
28	138	46.376	55.330	44.315	51.714	49.659	43.532	52223.712	1689.154	173.823	1793.403	152.562	0.838	0.897	0.804	0.877	0.703	0.942	0.058	0.878	0.737	2.7616358859398365E18	0.314	0.000	6756.617	Accept	Reject	Reject	Reject	Reject	Reject	Reject	1.167	0.857	7173.612	1.141
106	170	46.139	53.969	43.459	55.000	51.785	41.747	51426.878	1671.928	169.547	1756.585	152.673	0.855	0.839	0.704	0.806	0.731	0.952	0.048	0.900	0.699	2.6352492222452336E18	0.305	0.000	6687.712	Accept	Reject	Reject	Reject	Reject	Reject	Reject	1.266	0.790	7026.341	1.240
121	173	46.009	56.665	40.837	54.685	53.533	39.633	50995.935	1662.575	178.018	1808.084	154.434	0.812	0.841	0.708	0.740	0.659	0.920	0.080	0.868	0.745	3.7882070202867859E18	0.344	0.000	6650.299	Accept	Reject	Reject	Reject	Reject	Reject	Reject	1.339	0.747	7232.338	1.351
86	165	45.892	53.171	45.028	51.280	49.250	42.868	50607.079	1654.112	167.042	1751.156	150.587	0.863	0.895	0.801	0.870	0.745	0.945	0.055	0.901	0.716	2.6352497108292624E18	0.328	0.000	6616.449	Accept	Reject	Reject	Reject	Reject	Reject	Reject	1.139	0.878	7004.622	1.149
303	219	45.621	55.351	45.153	50.214	47.539	43.915	49715.822	1634.634	173.889	1746.112	149.718	0.824	0.909	0.825	0.924	0.679	0.936	0.064	0.861	0.721	2.6352503216394547E18	0.326	0.000	6538.536	Accept	Reject	Reject	Reject	Reject	Reject	Reject	1.112	0.899	6984.449	1.083
324	229	45.523	49.213	44.452	49.490	46.692	44.531	49394.796	1627.590	154.608	1688.780	147.274	0.925	0.920	0.846	0.954	0.856	0.964	0.036	0.953	0.740	3.770437744278256E18	0.301	0.000	6510.359	Accept	Reject	Reject	Reject	Reject	Reject	Reject	1.113	0.898	6755.119	1.049
238	201	45.321	53.860	44.271	50.259	47.977	42.981	48740.896	1613.194	169.205	1711.924	148.792	0.841	0.902	0.813	0.896	0.708	0.942	0.058	0.879	0.725	2.7616408507880762E18	0.322	0.000	6452.775	Accept	Reject	Reject	Reject	Reject	Reject	Reject	1.135	0.881	6847.696	1.116
181	188	45.292	51.011	40.408	52.695	50.653	40.813	48647.062	1611.123	160.257	1685.100	149.188	0.888	0.860	0.739	0.806	0.788	0.956	0.044	0.931	0.757	2.7774297596293139E18	0.303	0.000	6444.490	Accept	Reject	Reject	Reject	Reject	Reject	Reject	1.304	0.767	6740.400	1.241
173	186	45.243	56.837	45.746	49.062	45.708	44.876	48488.628	1607.622	178.558	1743.065	149.170	0.796	0.922	0.850	0.982	0.634	0.922	0.078	0.835	0.716	2.7613813480439664E18	0.308	0.000	6430.490	Accept	Reject	Reject	Reject	Reject	Reject	Reject	1.072	0.932	6972.259	1.019
276	211	45.236	54.282	43.581	51.094	49.216	41.806	48466.772	1607.139	170.533	1728.643	149.889	0.833	0.885	0.784	0.849	0.694	0.930	0.070	0.879	0.722	2.6352843559000954E18	0.340	0.000	6428.557	Accept	Reject	Reject	Reject	Reject	Reject	Reject	1.172	0.853	6914.570	1.177
96	167	45.059	57.377	44.181	51.913	49.001	41.646	47899.463	1594.573	180.254	1745.496	150.904	0.785	0.868	0.753	0.850	0.617	0.914	0.086	0.837	0.695	2.779364961033497E18	0.303	0.000	6378.294	Accept	Reject	Reject	Reject	Reject	Reject	Reject	1.175	0.851	6981.985	1.177
350	241	44.973	53.238	45.488	49.257	47.087	43.063	47626.754	1588.515	167.251	1701.297	147.789	0.845	0.913	0.834	0.915	0.714	0.934	0.066	0.884	0.709	2.6375015108946304E18	0.321	0.000	6354.062	Accept	Reject	Reject	Reject	Reject	Reject	Reject	1.083	0.923	6805.189	1.093
50	150	44.842	51.011	42.035	49.292	48.204	41.822	47213.516	1579.314	160.255	1658.319	146.086	0.879	0.910	0.828	0.868	0.773	0.952	0.048	0.912	0.762	2.6372547325595632E18	0.298	0.000	6317.255	Accept	Reject	Reject	Reject	Reject	Reject	Reject	1.173	0.853	6633.277	1.153
167	186	44.824	49.194	44.468	47.313	45.812	43.916	47155.965	1578.030	154.549	1635.962	144.825	0.911	0.947	0.898	0.959	0.830	0.965	0.035	0.937	0.750	2.6352497129599686E18	0.293	0.000	6312.120	Accept	Reject	Reject	Reject	Reject	Reject	Reject	1.064	0.940	6543.849	1.043
171	186	44.448	48.742	42.288	48.246	47.578	41.609	45978.007	1551.640	153.128	1608.140	143.780	0.912	0.921	0.849	0.875	0.832	0.965	0.035	0.939	0.761	2.635249154479999E18	0.271	0.000	6206.559	Accept	Reject	Reject	Reject	Reject	Reject	Reject	1.141	0.877	6432.558	1.143
114	172	44.439	47.782	37.736	54.302	53.476	37.470	45951.157	1551.036	150.110	1587.379	147.681	0.930	0.818	0.670	0.701	0.865	0.977	0.023	0.984	0.757	2.6352855245335942E18	0.204	0.000	6204.142	Accept	Reject	Reject	Reject	Reject	Reject	Reject	1.439	0.695	6349.515	1.427
53	152	44.402	49.498	41.337	50.174	48.232	40.919	45835.393	1548.430	155.504	1611.690	144.048	0.897	0.885	0.783	0.848	0.805	0.961	0.039	0.926	0.747	2.6352491621285667E18	0.297	0.000	6193.718	Accept	Reject	Reject	Reject	Reject	Reject	Reject	1.214	0.824	6446.759	1.179
2	76	43.945	48.219	43.107	48.064	45.692	42.333	44435.459	1516.738	151.485	1578.502	142.437	0.911	0.914	0.836	0.926	0.831	0.961	0.039	0.940	0.732	2.7816519539583738E18	0.290	0.000	6066.952	Accept	Reject	Reject	Reject	Reject	Reject	Reject	1.115	0.897	6314.007	1.079
22	137	43.943	46.169	42.288	48.473	46.888	41.971	44430.249	1516.619	145.044	1548.587	143.025	0.952	0.907	0.822	0.895	0.906	0.979	0.021	0.986	0.740	2.6352843464857498E18	0.225	0.000	6066.478	Accept	Reject	Reject	Reject	Reject	Reject	Reject	1.146	0.872	6194.347	1.117
70	158	43.572	47.050	42.036	48.610	46.286	41.119	43314.398	1491.119	147.811	1544.723	140.947	0.926	0.896	0.803	0.888	0.858	0.965	0.035	0.954	0.730	2.6532679596262176E18	0.295	0.000	5964.476	Accept	Reject	Reject	Reject	Reject	Reject	Reject	1.156	0.865	6178.893	1.126
79	161	43.558	47.027	43.161	45.713	44.160	43.024	43272.450	1490.156	147.738	1539.546	139.915	0.926	0.953	0.908	0.974	0.858	0.968	0.032	0.947	0.755	2.6352497118862234E18	0.271	0.000	5960.625	Accept	Reject	Reject	Reject	Reject	Reject	Reject	1.059	0.944	6158.186	1.026
174	186	43.448	51.891	42.466	47.439	45.641	41.473	42944.061	1482.607	163.020	1584.946	142.543	0.837	0.916	0.839	0.909	0.701	0.935	0.065	0.874	0.736	2.6355004026662893E18	0.325	0.000	5930.430	Accept	Reject	Reject	Reject	Reject	Reject	Reject	1.117	0.895	6339.785	1.100
153	181	43.390	47.870	42.013	48.507	45.740	41.315	42774.261	1478.697	150.387	1543.388	141.418	0.906	0.895	0.800	0.903	0.822	0.958	0.042	0.940	0.726	2.6354955128498528E18	0.309	0.000	5914.787	Accept	Reject	Reject	Reject	Reject	Reject	Reject	1.155	0.866	6173.550	1.107
16	131	43.267	53.847	42.447	48.643	46.717	40.191	42409.369	1470.275	169.164	1595.016	143.595	0.804	0.889	0.791	0.860	0.646	0.922	0.078	0.849	0.712	2.6354954536769069E18	0.346	0.000	5881.101	Accept	Reject	Reject	Reject	Reject	Reject	Reject	1.146	0.873	6380.062	1.162
202	192	43.132	49.644	41.012	49.196	46.578	40.028	42015.447	1461.157	155.962	1555.427	142.318	0.869	0.877	0.769	0.859	0.755	0.939	0.061	0.913	0.724	2.6372590704599878E18	0.303	0.000	5844.627	Accept	Reject	Reject	Reject	Reject	Reject	Reject	1.200	0.834	6221.710	1.164
300	218	43.120	47.282	38.125	52.072	48.294	38.928	41980.240	1460.340	148.540	1514.023	142.693	0.912	0.828	0.686	0.806	0.832	0.965	0.035	0.961	0.736	3.7884169486153581E18	0.271	0.000	5841.361	Accept	Reject	Reject	Reject	Reject	Reject	Reject	1.366	0.732	6056.090	1.241
61	153	43.077	46.020	41.377	45.815	44.673	41.673	41855.153	1457.438	144.575	1501.922	138.614	0.936	0.940	0.884	0.933	0.876	0.970	0.030	0.959	0.769	2.6352844164322944E18	0.299	0.000	5829.752	Accept	Reject	Reject	Reject	Reject	Reject	Reject	1.107	0.903	6007.689	1.072
330	232	42.960	47.002	42.142	46.779	44.757	41.368	41513.406	1449.494	147.662	1504.867	139.067	0.914	0.918	0.843	0.924	0.835	0.963	0.037	0.942	0.735	3.6463425240507213E18	0.298	0.000	5797.976	Accept	Reject	Reject	Reject	Reject	Reject	Reject	1.110	0.901	6019.466	1.082
207	194	42.718	52.970	36.527	55.928	52.909	34.585	40815.298	1433.198	166.411	1544.644	145.645	0.806	0.764	0.583	0.654	0.650	0.928	0.072	0.875	0.702	3.7904269345225626E18	0.338	0.000	5732.791	Accept	Reject	Reject	Reject	Reject	Reject	Reject	1.531	0.653	6178.577	1.530
24	137	42.669	53.302	39.511	50.018	48.451	37.710	40676.128	1429.938	167.453	1540.826	141.875	0.801	0.853	0.728	0.778	0.641	0.928	0.072	0.847	0.724	3.6623476434454918E18	0.316	0.000	5719.752	Accept	Reject	Reject	Reject	Reject	Reject	Reject	1.266	0.790	6163.303	1.285
36	147	41.105	45.412	40.220	44.724	43.358	39.132	36364.367	1327.012	142.666	1385.128	133.332	0.905	0.919	0.845	0.903	0.819	0.958	0.042	0.935	0.738	2.76388384497928E18	0.286	0.000	5308.048	Accept	Reject	Reject	Reject	Reject	Reject	Reject	1.112	0.899	5540.512	1.108
301	219	40.929	50.086	41.000	44.391	42.744	39.291	35899.949	1315.689	157.349	1425.506	135.186	0.817	0.922	0.850	0.919	0.668	0.923	0.077	0.859	0.723	2.7636062118177811E18	0.337	0.000	5262.758	Accept	Reject	Reject	Reject	Reject	Reject	Reject	1.083	0.924	5702.023	1.088
113	171	40.078	49.758	33.128	56.262	54.565	30.750	33706.568	1261.538	156.318	1369.939	143.178	0.805	0.712	0.507	0.564	0.649	0.921	0.079	0.916	0.677	3.786204252453321E18	0.357	0.000	5046.153	Accept	Reject	Reject	Reject	Reject	Reject	Reject	1.698	0.589	5479.757	1.774
217	196	39.705	51.054	37.601	45.829	43.691	36.154	32773.182	1238.140	160.389	1353.996	133.197	0.778	0.866	0.751	0.827	0.605	0.914	0.086	0.830	0.719	3.7724124154857869E18	0.360	0.000	4952.561	Accept	Reject	Reject	Reject	Reject	Reject	Reject	1.219	0.820	5415.985	1.208
72	158	38.943	40.967	37.417	42.681	41.494	36.615	30922.742	1191.085	128.701	1221.229	125.496	0.951	0.912	0.832	0.882	0.904	0.975	0.025	0.975	0.746	2.6352497043868406E18	0.283	0.000	4764.340	Accept	Reject	Reject	Reject	Reject	Reject	Reject	1.141	0.877	4884.914	1.133
358	248	38.671	45.734	38.049	42.765	40.692	36.862	30279.564	1174.511	143.677	1261.780	127.243	0.846	0.904	0.818	0.906	0.715	0.931	0.069	0.886	0.722	3.644091281542105E18	0.350	0.000	4698.046	Accept	Reject	Reject	Reject	Reject	Reject	Reject	1.124	0.890	5047.118	1.104
84	163	38.423	45.052	31.606	51.567	49.059	30.774	29700.121	1159.479	141.536	1221.034	131.786	0.853	0.745	0.555	0.627	0.727	0.950	0.050	0.931	0.711	2.9398459171957542E18	0.315	0.000	4637.917	Accept	Reject	Reject	Reject	Reject	Reject	Reject	1.632	0.613	4884.135	1.594
77	161	38.397	42.689	38.472	41.229	39.445	37.506	29640.398	1157.924	134.112	1211.716	124.761	0.899	0.931	0.867	0.951	0.809	0.956	0.044	0.930	0.730	2.6375367058701578E18	0.306	0.000	4631.697	Accept	Reject	Reject	Reject	Reject	Reject	Reject	1.072	0.933	4846.866	1.052
4	86	38.201	44.348	37.634	44.043	40.713	36.257	29190.294	1146.172	139.323	1215.242	126.730	0.861	0.867	0.752	0.891	0.742	0.943	0.057	0.910	0.691	3.6620704281328538E18	0.342	0.000	4584.688	Accept	Reject	Reject	Reject	Reject	Reject	Reject	1.170	0.854	4860.966	1.123
33	145	36.029	38.697	33.266	40.936	39.216	33.847	24487.638	1019.504	121.570	1046.094	118.447	0.931	0.880	0.775	0.863	0.867	0.975	0.025	0.974	0.749	2.6352541808186019E18	0.264	0.000	4078.014	Accept	Reject	Reject	Reject	Reject	Reject	Reject	1.231	0.813	4184.374	1.159
290	215	35.929	45.081	27.595	50.654	48.571	27.099	24284.911	1013.869	141.627	1091.812	127.488	0.797	0.709	0.503	0.558	0.635	0.929	0.071	0.900	0.725	2.6372194783774086E18	0.369	0.000	4055.476	Accept	Reject	Reject	Reject	Reject	Reject	Reject	1.836	0.545	4367.249	1.792
95	167	35.436	43.183	33.452	47.573	43.763	30.060	23299.050	986.241	135.664	1075.019	124.679	0.821	0.745	0.555	0.687	0.673	0.917	0.083	0.919	0.620	2.6353239289549194E18	0.322	0.000	3944.963	Accept	Reject	Reject	Reject	Reject	Reject	Reject	1.422	0.703	4300.074	1.456
348	241	35.196	41.969	34.287	38.590	36.622	33.892	22828.755	972.924	131.851	1044.444	115.992	0.839	0.912	0.832	0.925	0.703	0.932	0.068	0.880	0.735	2.779404002435415E18	0.332	0.000	3891.696	Accept	Reject	Reject	Reject	Reject	Reject	Reject	1.126	0.888	4177.777	1.081
158	183	33.879	46.263	26.996	52.542	52.369	23.030	20361.411	901.494	145.338	1070.259	128.168	0.732	0.645	0.416	0.440	0.536	0.842	0.158	0.882	0.636	2.7797256192877066E18	0.356	0.000	3605.975	Accept	Reject	Reject	Reject	Reject	Reject	Reject	1.946	0.514	4281.035	2.274
240	202	33.569	34.881	32.965	35.433	34.243	32.934	19807.445	885.068	109.581	902.779	107.371	0.962	0.947	0.898	0.962	0.926	0.980	0.020	0.980	0.758	2.6352536224560803E18	0.248	0.000	3540.270	Accept	Reject	Reject	Reject	Reject	Reject	Reject	1.075	0.930	3611.118	1.040
91	166	31.932	39.427	29.246	38.137	36.230	28.228	17048.623	800.848	123.862	881.826	108.089	0.810	0.837	0.701	0.779	0.656	0.908	0.092	0.873	0.718	3.7701612172383578E18	0.381	0.000	3203.393	Accept	Reject	Reject	Reject	Reject	Reject	Reject	1.304	0.767	3527.306	1.283
146	180	31.213	34.800	30.467	34.359	33.214	29.424	15922.123	765.170	109.327	810.373	102.250	0.897	0.908	0.825	0.886	0.804	0.944	0.056	0.935	0.731	3.7904670762479034E18	0.355	0.000	3060.681	Accept	Reject	Reject	Reject	Reject	Reject	Reject	1.128	0.887	3241.491	1.129
58	153	29.411	36.980	27.912	34.605	32.159	27.058	13320.548	679.369	116.177	762.635	100.335	0.795	0.850	0.722	0.841	0.633	0.891	0.109	0.864	0.703	5.0649455613243462E18	0.379	0.000	2717.475	Accept	Reject	Reject	Reject	Reject	Reject	Reject	1.240	0.807	3050.542	1.189
74	159	17.963	18.623	16.799	19.614	19.030	16.965	3035.061	253.436	58.506	259.410	57.903	0.965	0.916	0.839	0.892	0.930	0.977	0.023	0.990	0.769	2.6378584516897622E18	0.310	0.000	1013.746	Accept	Reject	Reject	Reject	Reject	Reject	Reject	1.168	0.857	1037.638	1.122
347	239	16.069	16.845	15.272	18.153	17.345	14.965	2172.553	202.801	52.920	208.084	52.376	0.954	0.885	0.784	0.863	0.910	0.975	0.025	0.990	0.732	2.6375104562574701E18	0.310	0.000	811.206	Accept	Reject	Reject	Reject	Reject	Reject	Reject	1.189	0.841	832.336	1.159
356	244	7.199	7.642	6.690	8.154	7.772	6.618	195.321	40.700	24.008	42.397	23.830	0.942	0.883	0.779	0.852	0.887	0.960	0.040	0.993	0.746	10071375077384	0.372	0.000	162.798	Accept	Reject	Reject	Reject	Reject	Reject	Reject	1.219	0.820	169.586	1.174
168	186	5.824	6.526	5.024	7.105	6.354	5.364	103.438	26.641	20.501	28.043	20.203	0.892	0.820	0.672	0.844	0.796	0.950	0.050	0.985	0.746	2475908608	0.448	0.000	106.563	Accept	Reject	Reject	Reject	Reject	Reject	Reject	1.414	0.707	112.171	1.184
188	189	5.345	5.772	5.024	6.038	5.361	5.268	79.934	22.434	18.133	22.434	18.133	0.926	0.885	0.784	0.983	0.857	1.000	0.000	1.000	0.740	311586241	0.461	0.000	89.737	Accept	Reject	Reject	Reject	Reject	Reject	Reject	1.202	0.832	89.737	1.018
