Id	Img Id	Da	Dp	FWidth	FLength	ELength	EWidth	Volume	Area	Perimeter	CHull  Area	CHull Perimeter	Sphericity	Compactness	Roundness	Ellipse Ratio	Circularity	Solidity	Concavity	Convexity	Extent	hash	Transparency	Curvature	Surface Area	Filter0	Filter1	Filter2	Filter3	Filter4	Filter5	Filter6	L/W Ratio	W/L Aspect Ratio	CHull Surface Area	Ellipticity
 	 	µm	µm	µm	µm	µm	µm	µm³	µm²	µm	µm²	µm	 	 	 	 	 	 	 	 	 	 	 	 	µm²	 	 	 	 	 	 	 	 	 	µm²	 
122	223	111.713	138.369	79.974	170.968	170.631	76.282	729972.142	9801.555	434.700	10440.801	413.460	0.807	0.653	0.427	0.447	0.652	0.939	0.061	0.951	0.717	2.6352492309862339E18	0.196	0.000	39206.222	Accept	Reject	Reject	Reject	Reject	Reject	Reject	2.138	0.468	41763.205	2.237
1	154	108.712	116.127	95.004	133.630	129.517	92.500	672722.883	9282.144	364.824	9373.502	357.530	0.936	0.814	0.662	0.714	0.876	0.990	0.010	0.980	0.731	2.6375406828754186E18	0.214	0.000	37128.575	Accept	Reject	Reject	Reject	Reject	Reject	Reject	1.407	0.711	37494.007	1.400
244	272	101.969	122.848	93.090	121.384	115.201	91.394	555134.598	8166.256	385.939	8513.673	336.336	0.830	0.840	0.706	0.793	0.689	0.959	0.041	0.871	0.723	3.6440560198105024E18	0.203	0.000	32665.025	Accept	Reject	Reject	Reject	Reject	Reject	Reject	1.304	0.767	34054.693	1.260
266	280	100.028	111.622	86.002	124.503	121.122	84.038	524034.167	7858.335	350.670	8056.894	332.075	0.896	0.803	0.645	0.694	0.803	0.975	0.025	0.947	0.734	2.6352536287600733E18	0.194	0.000	31433.340	Accept	Reject	Reject	Reject	Reject	Reject	Reject	1.448	0.691	32227.576	1.441
71	203	94.022	110.292	67.114	135.766	140.957	64.532	435199.302	6943.039	346.492	7320.195	336.207	0.852	0.693	0.480	0.458	0.727	0.948	0.052	0.970	0.762	3.6440554709920742E18	0.202	0.000	27772.155	Accept	Reject	Reject	Reject	Reject	Reject	Reject	2.023	0.494	29280.780	2.184
67	200	93.966	125.145	75.626	129.147	129.783	70.367	434427.332	6934.825	393.153	7389.391	330.982	0.751	0.728	0.529	0.542	0.564	0.938	0.062	0.842	0.710	2.7633242621124061E18	0.256	0.000	27739.301	Accept	Reject	Reject	Reject	Reject	Reject	Reject	1.708	0.586	29557.565	1.844
33	191	92.334	111.507	66.406	125.386	128.606	66.762	412175.960	6695.956	350.308	6911.132	320.020	0.828	0.736	0.542	0.519	0.686	0.969	0.031	0.914	0.804	2.7790873419955706E18	0.255	0.000	26783.824	Accept	Reject	Reject	Reject	Reject	Reject	Reject	1.888	0.530	27644.530	1.926
159	240	91.914	103.830	91.850	95.898	93.646	90.280	406581.100	6635.224	326.193	6843.959	294.552	0.885	0.958	0.919	0.964	0.784	0.970	0.030	0.903	0.753	3.6440555387720026E18	0.224	0.000	26540.898	Accept	Reject	Reject	Reject	Reject	Reject	Reject	1.044	0.958	27375.834	1.037
178	246	91.277	99.105	74.056	114.424	114.664	73.905	398187.413	6543.586	311.347	6685.429	304.141	0.921	0.798	0.636	0.645	0.848	0.979	0.021	0.977	0.772	2.6529864836907795E18	0.181	0.000	26174.342	Accept	Reject	Reject	Reject	Reject	Reject	Reject	1.545	0.647	26741.717	1.552
147	236	90.066	97.299	87.049	97.284	93.175	87.865	382549.957	6371.127	305.675	6570.108	291.723	0.926	0.926	0.857	0.943	0.857	0.970	0.030	0.954	0.752	2.6352497129431834E18	0.191	0.000	25484.506	Accept	Reject	Reject	Reject	Reject	Reject	Reject	1.118	0.895	26280.431	1.060
124	224	89.662	94.820	79.104	100.920	101.030	79.940	377414.979	6313.985	297.885	6411.127	288.546	0.946	0.888	0.789	0.791	0.894	0.985	0.015	0.969	0.791	2.6352843388499488E18	0.178	0.000	25255.941	Accept	Reject	Reject	Reject	Reject	Reject	Reject	1.276	0.784	25644.507	1.264
284	291	88.892	98.933	80.949	103.361	100.692	78.787	367779.483	6206.058	310.808	6374.264	288.473	0.899	0.860	0.740	0.782	0.807	0.974	0.026	0.928	0.742	3.6600990625710464E18	0.250	0.000	24824.230	Accept	Reject	Reject	Reject	Reject	Reject	Reject	1.277	0.783	25497.055	1.278
241	269	87.649	95.077	86.322	94.346	87.932	87.755	352560.349	6033.645	298.692	6186.334	282.104	0.922	0.929	0.863	0.998	0.850	0.975	0.025	0.944	0.741	2.761385128416327E18	0.251	0.000	24134.582	Accept	Reject	Reject	Reject	Reject	Reject	Reject	1.093	0.915	24745.338	1.002
142	231	87.520	98.332	84.180	100.460	92.929	83.694	351005.787	6015.896	308.918	6239.530	287.326	0.890	0.871	0.759	0.901	0.792	0.964	0.036	0.930	0.711	2.6355003918111021E18	0.243	0.000	24063.583	Accept	Reject	Reject	Reject	Reject	Reject	Reject	1.193	0.838	24958.121	1.110
132	228	87.114	93.237	72.325	107.653	106.123	72.251	346148.425	5960.267	292.913	6055.690	286.613	0.934	0.809	0.655	0.681	0.873	0.984	0.016	0.978	0.766	2.6372546625961754E18	0.193	0.000	23841.066	Accept	Reject	Reject	Reject	Reject	Reject	Reject	1.488	0.672	24222.760	1.469
299	304	86.237	98.586	74.468	104.196	103.197	72.563	335796.482	5840.835	309.719	6016.002	283.507	0.875	0.828	0.685	0.703	0.765	0.971	0.029	0.915	0.753	3.7862003418832704E18	0.238	0.000	23363.339	Accept	Reject	Reject	Reject	Reject	Reject	Reject	1.399	0.715	24064.006	1.422
143	231	86.208	107.717	82.508	114.700	99.087	84.207	335464.378	5836.982	338.403	6636.193	312.861	0.800	0.752	0.565	0.850	0.641	0.880	0.120	0.925	0.617	3.8065028949738547E18	0.239	0.000	23347.929	Accept	Reject	Reject	Reject	Reject	Reject	Reject	1.390	0.719	26544.770	1.177
29	190	85.617	104.717	73.157	119.972	118.133	67.118	328605.621	5757.149	328.978	6193.716	306.292	0.818	0.714	0.509	0.568	0.668	0.930	0.070	0.931	0.656	3.6460615299758342E18	0.220	0.000	23028.595	Accept	Reject	Reject	Reject	Reject	Reject	Reject	1.640	0.610	24774.862	1.760
203	246	85.329	105.140	79.672	109.430	103.327	75.000	325302.580	5718.505	330.308	6146.708	296.312	0.812	0.780	0.608	0.726	0.659	0.930	0.070	0.897	0.656	3.7859545332376627E18	0.268	0.000	22874.020	Accept	Reject	Reject	Reject	Reject	Reject	Reject	1.373	0.728	24586.830	1.378
286	295	85.086	90.316	66.513	107.021	107.563	67.375	322532.473	5685.994	283.736	5739.990	279.987	0.942	0.795	0.632	0.626	0.888	0.991	0.009	0.987	0.799	2.6352491534038928E18	0.173	0.000	22743.978	Accept	Reject	Reject	Reject	Reject	Reject	Reject	1.609	0.622	22959.959	1.596
232	264	84.161	87.048	77.529	91.613	91.167	77.892	312125.866	5563.020	273.469	5620.254	268.458	0.967	0.919	0.844	0.854	0.935	0.990	0.010	0.982	0.783	2.6352535600403347E18	0.199	0.000	22252.081	Accept	Reject	Reject	Reject	Reject	Reject	Reject	1.182	0.846	22481.015	1.170
109	213	83.235	87.164	77.014	94.326	91.389	75.889	301940.929	5441.335	273.833	5521.582	266.396	0.955	0.882	0.779	0.830	0.912	0.985	0.015	0.973	0.749	3.6620698770345587E18	0.241	0.000	21765.340	Accept	Reject	Reject	Reject	Reject	Reject	Reject	1.225	0.816	22086.326	1.204
268	283	83.145	99.949	71.863	107.754	109.395	66.489	300962.919	5429.578	314.000	5968.264	287.760	0.832	0.772	0.595	0.608	0.692	0.910	0.090	0.916	0.701	2.6352497128425574E18	0.200	0.000	21718.314	Accept	Reject	Reject	Reject	Reject	Reject	Reject	1.499	0.667	23873.057	1.645
86	209	83.054	114.114	56.160	146.999	163.889	47.659	299973.703	5417.674	358.499	6343.866	348.934	0.728	0.565	0.319	0.291	0.530	0.854	0.146	0.973	0.656	3.7884923447574387E18	0.208	0.000	21670.697	Accept	Reject	Reject	Reject	Reject	Reject	Reject	2.618	0.382	25375.463	3.439
184	246	82.915	88.805	80.329	92.382	88.220	78.525	298465.543	5399.501	278.990	5512.024	267.159	0.934	0.898	0.806	0.890	0.872	0.980	0.020	0.958	0.728	2.6352492231973408E18	0.187	0.000	21598.004	Accept	Reject	Reject	Reject	Reject	Reject	Reject	1.150	0.870	22048.097	1.123
231	264	82.753	93.931	67.123	107.136	111.897	63.639	296720.344	5378.432	295.092	5692.611	285.656	0.881	0.772	0.597	0.569	0.776	0.945	0.055	0.968	0.748	3.7882063932126182E18	0.191	0.000	21513.727	Accept	Reject	Reject	Reject	Reject	Reject	Reject	1.596	0.627	22770.444	1.758
213	254	82.535	96.646	65.372	108.022	112.874	63.108	294388.493	5350.216	303.623	5724.161	285.749	0.854	0.764	0.584	0.559	0.729	0.935	0.065	0.941	0.758	2.635499860311255E18	0.245	0.000	21400.865	Accept	Reject	Reject	Reject	Reject	Reject	Reject	1.652	0.605	22896.646	1.789
48	196	82.450	87.238	80.605	86.418	85.048	80.127	293470.068	5339.083	274.066	5455.203	263.776	0.945	0.954	0.910	0.942	0.893	0.979	0.021	0.962	0.766	3.7881707277892742E18	0.207	0.000	21356.333	Accept	Reject	Reject	Reject	Reject	Reject	Reject	1.072	0.933	21820.812	1.061
95	213	82.193	88.633	73.400	95.455	94.915	73.065	290737.009	5305.883	278.449	5534.510	271.436	0.927	0.861	0.741	0.770	0.860	0.959	0.041	0.975	0.757	2.6352535601601014E18	0.182	0.000	21223.534	Accept	Reject	Reject	Reject	Reject	Reject	Reject	1.300	0.769	22138.041	1.299
20	179	81.378	102.431	76.131	104.597	106.201	73.126	282178.578	5201.239	321.797	6037.220	291.232	0.794	0.778	0.605	0.689	0.631	0.862	0.138	0.905	0.653	2.6375366885579018E18	0.209	0.000	20804.957	Accept	Reject	Reject	Reject	Reject	Reject	Reject	1.374	0.728	24148.881	1.452
146	234	81.351	86.483	69.043	101.219	98.243	67.544	281891.366	5197.709	271.693	5282.884	266.309	0.941	0.804	0.646	0.688	0.885	0.984	0.016	0.980	0.744	2.6352843463658835E18	0.216	0.000	20790.836	Accept	Reject	Reject	Reject	Reject	Reject	Reject	1.466	0.682	21131.536	1.455
197	246	81.145	101.088	64.386	103.018	102.786	64.181	279755.856	5171.426	317.578	5439.170	273.507	0.803	0.788	0.620	0.624	0.644	0.951	0.049	0.861	0.780	3.9322902537991482E18	0.265	0.000	20685.703	Accept	Reject	Reject	Reject	Reject	Reject	Reject	1.600	0.625	21756.681	1.602
292	301	81.049	98.031	75.639	100.536	91.243	74.304	278762.802	5159.180	307.974	5649.766	275.475	0.827	0.806	0.650	0.814	0.684	0.913	0.087	0.894	0.678	3.7913120424610874E18	0.260	0.000	20636.719	Accept	Reject	Reject	Reject	Reject	Reject	Reject	1.329	0.752	22599.066	1.228
296	304	80.934	83.524	78.484	85.140	83.513	78.515	277584.853	5144.636	262.397	5199.969	256.826	0.969	0.951	0.904	0.940	0.939	0.989	0.011	0.979	0.770	2.6352497643464432E18	0.194	0.000	20578.543	Accept	Reject	Reject	Reject	Reject	Reject	Reject	1.085	0.922	20799.875	1.064
257	272	80.866	89.785	76.491	89.110	86.765	75.590	276881.546	5135.943	282.069	5274.653	260.014	0.901	0.907	0.824	0.871	0.811	0.974	0.026	0.922	0.754	2.7613499429705251E18	0.222	0.000	20543.771	Accept	Reject	Reject	Reject	Reject	Reject	Reject	1.165	0.858	21098.612	1.148
7	161	80.488	101.086	68.023	99.986	100.221	64.822	273015.856	5088.027	317.572	5376.984	269.032	0.796	0.805	0.648	0.647	0.634	0.946	0.054	0.847	0.748	3.9303199968763763E18	0.245	0.000	20352.108	Accept	Reject	Reject	Reject	Reject	Reject	Reject	1.470	0.680	21507.936	1.546
282	285	80.287	95.898	74.524	91.488	87.698	73.903	270973.971	5062.626	301.272	5282.910	262.562	0.837	0.878	0.770	0.843	0.701	0.958	0.042	0.872	0.743	2.7613499504717472E18	0.299	0.000	20250.503	Accept	Reject	Reject	Reject	Reject	Reject	Reject	1.228	0.815	21131.638	1.187
295	304	80.187	89.560	64.980	99.512	101.466	64.543	269962.463	5050.019	281.362	5252.902	269.253	0.895	0.806	0.649	0.636	0.802	0.961	0.039	0.957	0.781	3.8065062010249677E18	0.205	0.000	20200.077	Accept	Reject	Reject	Reject	Reject	Reject	Reject	1.531	0.653	21011.608	1.572
208	248	80.172	89.751	76.224	88.415	84.990	76.019	269818.157	5048.220	281.962	5191.592	258.755	0.893	0.907	0.822	0.894	0.798	0.972	0.028	0.918	0.749	3.7724432524117088E18	0.236	0.000	20192.878	Accept	Reject	Reject	Reject	Reject	Reject	Reject	1.160	0.862	20766.366	1.118
99	213	80.072	85.106	77.961	84.616	82.079	78.297	268806.379	5035.591	267.368	5133.641	255.975	0.941	0.946	0.895	0.954	0.885	0.981	0.019	0.957	0.763	2.635249153536272E18	0.197	0.000	20142.365	Accept	Reject	Reject	Reject	Reject	Reject	Reject	1.085	0.921	20534.566	1.048
53	199	79.774	91.960	58.127	110.238	112.072	58.206	265815.419	4998.169	288.900	5158.840	278.330	0.867	0.724	0.524	0.519	0.753	0.969	0.031	0.963	0.780	2.6352492231995085E18	0.229	0.000	19992.676	Accept	Reject	Reject	Reject	Reject	Reject	Reject	1.896	0.527	20635.361	1.925
21	179	79.698	83.929	72.163	93.332	89.112	71.427	265054.380	4988.624	263.670	5063.564	257.179	0.950	0.854	0.729	0.802	0.902	0.985	0.015	0.975	0.741	2.7793643414650323E18	0.200	0.000	19954.497	Accept	Reject	Reject	Reject	Reject	Reject	Reject	1.293	0.773	20254.254	1.248
177	246	79.495	83.464	73.046	89.775	88.097	71.766	263039.345	4963.309	262.209	5035.182	254.253	0.952	0.885	0.784	0.815	0.907	0.986	0.014	0.970	0.757	2.6352804293410586E18	0.187	0.000	19853.234	Accept	Reject	Reject	Reject	Reject	Reject	Reject	1.229	0.814	20140.730	1.228
17	179	79.073	86.159	76.255	88.038	82.363	76.807	258866.136	4910.672	270.678	5057.016	258.038	0.918	0.898	0.807	0.933	0.842	0.971	0.029	0.953	0.731	2.6352491533873408E18	0.215	0.000	19642.688	Accept	Reject	Reject	Reject	Reject	Reject	Reject	1.155	0.866	20228.066	1.072
54	200	78.908	84.155	63.307	98.518	99.233	63.025	257249.571	4890.207	264.382	4944.200	259.966	0.938	0.801	0.642	0.635	0.879	0.989	0.011	0.983	0.784	3.6621050615261901E18	0.176	0.000	19560.827	Accept	Reject	Reject	Reject	Reject	Reject	Reject	1.556	0.643	19776.799	1.575
49	196	78.416	81.177	74.703	85.652	83.584	73.629	252470.867	4829.457	255.026	4893.691	249.734	0.966	0.916	0.838	0.881	0.933	0.987	0.013	0.979	0.755	2.6352843378955155E18	0.215	0.000	19317.830	Accept	Reject	Reject	Reject	Reject	Reject	Reject	1.147	0.872	19574.765	1.135
236	266	78.130	83.441	74.352	87.546	82.984	73.818	249721.786	4794.335	262.138	4886.845	250.752	0.936	0.892	0.796	0.890	0.877	0.981	0.019	0.957	0.737	2.7636017429034566E18	0.190	0.000	19177.342	Accept	Reject	Reject	Reject	Reject	Reject	Reject	1.177	0.849	19547.381	1.124
44	194	78.127	97.367	76.141	85.875	83.702	72.986	249687.639	4793.898	305.888	5035.293	253.459	0.802	0.910	0.828	0.872	0.644	0.952	0.048	0.829	0.733	3.7901766580395885E18	0.243	0.000	19175.593	Accept	Reject	Reject	Reject	Reject	Reject	Reject	1.128	0.887	20141.171	1.147
254	272	78.049	89.800	69.448	97.524	93.842	65.880	248938.682	4784.307	282.116	4962.566	259.667	0.869	0.800	0.640	0.702	0.755	0.964	0.036	0.920	0.706	2.7793649095080483E18	0.231	0.000	19137.228	Accept	Reject	Reject	Reject	Reject	Reject	Reject	1.404	0.712	19850.263	1.424
2	157	77.663	85.218	75.647	82.127	80.104	75.446	245266.260	4737.138	267.720	4866.525	248.886	0.911	0.946	0.894	0.942	0.831	0.973	0.027	0.930	0.762	2.6512893799789789E18	0.241	0.000	18948.551	Accept	Reject	Reject	Reject	Reject	Reject	Reject	1.086	0.921	19466.100	1.062
46	195	77.606	90.962	71.108	86.797	84.715	71.781	244733.207	4730.272	285.764	4930.262	253.713	0.853	0.894	0.799	0.847	0.728	0.959	0.041	0.888	0.766	2.6352844078381533E18	0.240	0.000	18921.087	Accept	Reject	Reject	Reject	Reject	Reject	Reject	1.221	0.819	19721.048	1.180
79	206	77.469	80.792	76.073	80.710	79.464	75.543	243435.946	4713.540	253.815	4779.325	245.806	0.959	0.960	0.921	0.951	0.919	0.986	0.014	0.968	0.768	2.6352492222429072E18	0.197	0.000	18854.162	Accept	Reject	Reject	Reject	Reject	Reject	Reject	1.061	0.943	19117.301	1.052
188	246	77.436	80.663	76.177	81.238	78.898	76.121	243122.401	4709.492	253.409	4781.386	246.537	0.960	0.953	0.909	0.965	0.922	0.985	0.015	0.973	0.761	2.6352492222410682E18	0.192	0.000	18837.970	Accept	Reject	Reject	Reject	Reject	Reject	Reject	1.066	0.938	19125.544	1.036
141	231	77.294	83.329	75.638	82.808	80.829	73.943	241792.175	4692.299	261.786	4820.199	247.440	0.928	0.933	0.871	0.915	0.860	0.973	0.027	0.945	0.749	3.7881751258693446E18	0.249	0.000	18769.195	Accept	Reject	Reject	Reject	Reject	Reject	Reject	1.095	0.913	19280.795	1.093
279	285	77.093	81.856	74.617	82.652	80.852	73.599	239908.877	4667.902	257.158	4760.388	245.992	0.942	0.933	0.870	0.910	0.887	0.981	0.019	0.957	0.757	2.6352492231805635E18	0.232	0.000	18671.608	Accept	Reject	Reject	Reject	Reject	Reject	Reject	1.108	0.903	19041.553	1.099
283	291	76.539	93.616	54.906	106.692	113.487	53.370	234771.083	4601.017	294.102	4998.398	273.097	0.818	0.717	0.515	0.470	0.668	0.920	0.080	0.929	0.785	3.7884527602065555E18	0.236	0.000	18404.068	Accept	Reject	Reject	Reject	Reject	Reject	Reject	1.943	0.515	19993.592	2.126
9	161	76.471	90.692	71.329	88.016	85.582	68.709	234143.287	4592.812	284.918	4795.891	249.990	0.843	0.869	0.755	0.803	0.711	0.958	0.042	0.877	0.732	3.7704377344780019E18	0.284	0.000	18371.247	Accept	Reject	Reject	Reject	Reject	Reject	Reject	1.234	0.810	19183.565	1.246
198	246	76.096	99.915	62.441	99.197	95.672	60.612	230717.484	4547.903	313.894	4826.995	257.299	0.762	0.767	0.588	0.634	0.580	0.942	0.058	0.820	0.734	3.7726593073860992E18	0.274	0.000	18191.611	Accept	Reject	Reject	Reject	Reject	Reject	Reject	1.589	0.629	19307.978	1.578
187	246	75.966	80.976	68.922	87.283	85.913	67.841	229541.459	4532.435	254.393	4656.005	247.133	0.938	0.870	0.757	0.790	0.880	0.973	0.027	0.971	0.753	2.6352491619940858E18	0.183	0.000	18129.738	Accept	Reject	Reject	Reject	Reject	Reject	Reject	1.266	0.790	18624.021	1.266
84	208	75.891	85.497	58.275	105.857	103.680	56.135	228859.456	4523.453	268.597	4614.600	261.521	0.888	0.717	0.514	0.541	0.788	0.980	0.020	0.974	0.733	2.6355306370903098E18	0.186	0.000	18093.811	Accept	Reject	Reject	Reject	Reject	Reject	Reject	1.817	0.551	18458.402	1.847
145	234	75.843	78.469	71.225	83.356	81.602	70.566	228424.230	4517.716	246.519	4575.727	241.939	0.967	0.910	0.828	0.865	0.934	0.987	0.013	0.981	0.761	2.6352535514506298E18	0.207	0.000	18070.864	Accept	Reject	Reject	Reject	Reject	Reject	Reject	1.170	0.854	18302.908	1.156
264	272	75.774	77.945	73.130	80.561	79.138	72.620	227803.303	4509.525	244.870	4560.956	240.697	0.972	0.941	0.885	0.918	0.945	0.989	0.011	0.983	0.765	2.6352497117517389E18	0.230	0.000	18038.100	Accept	Reject	Reject	Reject	Reject	Reject	Reject	1.102	0.908	18243.825	1.090
96	213	75.604	79.723	61.841	89.557	90.969	63.194	226271.964	4489.293	250.457	4544.068	246.345	0.948	0.844	0.713	0.695	0.899	0.988	0.012	0.984	0.811	2.6352497031428966E18	0.193	0.000	17957.173	Accept	Reject	Reject	Reject	Reject	Reject	Reject	1.448	0.691	18176.271	1.440
211	250	75.522	99.285	73.971	89.696	81.658	71.552	225538.978	4479.593	311.913	4768.827	253.578	0.761	0.842	0.709	0.876	0.579	0.939	0.061	0.813	0.675	3.7723767308671443E18	0.292	0.000	17918.371	Accept	Reject	Reject	Reject	Reject	Reject	Reject	1.213	0.825	19075.308	1.141
116	218	75.346	89.097	72.163	82.422	79.342	71.667	223963.861	4458.712	279.908	4650.585	243.878	0.846	0.914	0.836	0.903	0.715	0.959	0.041	0.871	0.750	3.6440554785082669E18	0.260	0.000	17834.850	Accept	Reject	Reject	Reject	Reject	Reject	Reject	1.142	0.876	18602.341	1.107
226	262	75.178	87.247	60.186	98.993	96.338	58.937	222470.698	4438.872	274.094	4608.469	253.533	0.862	0.759	0.577	0.612	0.742	0.963	0.037	0.925	0.745	3.6440554785080378E18	0.259	0.000	17755.490	Accept	Reject	Reject	Reject	Reject	Reject	Reject	1.645	0.608	18433.876	1.635
192	246	75.069	90.034	62.022	103.190	109.055	57.014	221502.232	4425.981	282.851	4923.382	268.951	0.834	0.727	0.529	0.523	0.695	0.899	0.101	0.951	0.692	2.6352491621136288E18	0.183	0.000	17703.924	Accept	Reject	Reject	Reject	Reject	Reject	Reject	1.664	0.601	19693.527	1.913
4	159	74.454	84.989	70.637	81.626	80.416	69.008	216103.784	4353.772	266.999	4516.781	240.509	0.876	0.912	0.832	0.858	0.767	0.964	0.036	0.901	0.755	2.7613500127490349E18	0.239	0.000	17415.090	Accept	Reject	Reject	Reject	Reject	Reject	Reject	1.156	0.865	18067.125	1.165
62	200	74.445	88.370	72.192	79.651	77.716	71.633	216022.570	4352.682	277.621	4534.959	241.116	0.842	0.935	0.874	0.922	0.710	0.960	0.040	0.869	0.757	3.6620742762764224E18	0.253	0.000	17410.727	Accept	Reject	Reject	Reject	Reject	Reject	Reject	1.103	0.906	18139.837	1.085
237	266	74.163	100.284	66.435	89.420	90.634	62.176	213579.545	4319.803	315.051	4717.987	252.792	0.740	0.829	0.688	0.686	0.547	0.916	0.084	0.802	0.727	3.7879249194441587E18	0.246	0.000	17279.211	Accept	Reject	Reject	Reject	Reject	Reject	Reject	1.346	0.743	18871.948	1.458
168	241	73.990	88.955	72.828	81.812	78.702	70.118	212089.894	4299.693	279.461	4526.448	242.285	0.832	0.904	0.818	0.891	0.692	0.950	0.050	0.867	0.722	3.9322958105325914E18	0.259	0.000	17198.773	Accept	Reject	Reject	Reject	Reject	Reject	Reject	1.123	0.890	18105.794	1.122
258	272	73.597	90.951	66.147	84.121	83.607	64.921	208727.910	4254.133	285.732	4487.794	241.075	0.809	0.875	0.765	0.777	0.655	0.948	0.052	0.844	0.765	3.7882020037434835E18	0.252	0.000	17016.534	Accept	Reject	Reject	Reject	Reject	Reject	Reject	1.272	0.786	17951.176	1.288
98	213	73.493	85.053	71.075	87.025	84.490	69.267	207845.478	4242.136	267.202	4633.172	251.561	0.864	0.845	0.713	0.820	0.747	0.916	0.084	0.941	0.686	2.6352888154159318E18	0.227	0.000	16968.543	Accept	Reject	Reject	Reject	Reject	Reject	Reject	1.224	0.817	18532.690	1.220
153	237	73.480	78.810	60.141	89.618	90.323	60.079	207733.864	4240.616	247.589	4315.893	241.449	0.932	0.820	0.672	0.665	0.869	0.983	0.017	0.975	0.787	2.6352844075691965E18	0.213	0.000	16962.465	Accept	Reject	Reject	Reject	Reject	Reject	Reject	1.490	0.671	17263.571	1.503
251	272	73.084	79.535	66.329	81.133	80.614	66.330	204395.253	4195.059	249.866	4301.229	235.163	0.919	0.901	0.811	0.823	0.844	0.975	0.025	0.941	0.780	2.6352535525096954E18	0.215	0.000	16780.235	Accept	Reject	Reject	Reject	Reject	Reject	Reject	1.223	0.818	17204.916	1.215
22	179	72.890	96.422	62.874	95.050	96.240	57.884	202766.119	4172.737	302.919	4570.654	258.540	0.756	0.767	0.588	0.601	0.571	0.913	0.087	0.853	0.698	3.7862004018955661E18	0.298	0.000	16690.949	Accept	Reject	Reject	Reject	Reject	Reject	Reject	1.512	0.661	18282.615	1.663
133	229	72.815	77.888	70.009	82.312	77.685	68.716	202140.873	4164.155	244.691	4252.063	234.529	0.935	0.885	0.783	0.885	0.874	0.979	0.021	0.958	0.723	2.6352492222578211E18	0.193	0.000	16656.620	Accept	Reject	Reject	Reject	Reject	Reject	Reject	1.176	0.851	17008.252	1.131
172	242	72.800	92.158	70.257	84.532	79.186	67.630	202020.084	4162.496	289.522	4438.082	240.906	0.790	0.861	0.742	0.854	0.624	0.938	0.062	0.832	0.701	5.1012514341682726E18	0.312	0.000	16649.986	Accept	Reject	Reject	Reject	Reject	Reject	Reject	1.203	0.831	17752.327	1.171
156	239	72.800	84.328	71.034	79.455	76.549	69.391	202017.169	4162.456	264.925	4341.879	235.165	0.863	0.916	0.839	0.907	0.745	0.959	0.041	0.888	0.738	3.788452201708992E18	0.263	0.000	16649.825	Accept	Reject	Reject	Reject	Reject	Reject	Reject	1.119	0.894	17367.518	1.103
158	240	72.540	75.653	62.310	83.383	83.794	62.900	199862.298	4132.804	237.670	4193.520	234.432	0.959	0.870	0.757	0.751	0.919	0.986	0.014	0.986	0.795	2.6352491621133619E18	0.179	0.000	16531.214	Accept	Reject	Reject	Reject	Reject	Reject	Reject	1.338	0.747	16774.079	1.332
176	245	72.510	88.272	72.280	79.230	75.228	69.955	199617.726	4129.431	277.316	4385.896	236.348	0.821	0.915	0.838	0.930	0.675	0.942	0.058	0.852	0.721	3.8061899990736346E18	0.294	0.000	16517.725	Accept	Reject	Reject	Reject	Reject	Reject	Reject	1.096	0.912	17543.586	1.075
43	194	72.492	82.560	70.113	82.078	77.324	69.800	199466.823	4127.350	259.370	4299.958	240.167	0.878	0.883	0.780	0.903	0.771	0.960	0.040	0.926	0.717	3.7724086092052045E18	0.229	0.000	16509.399	Accept	Reject	Reject	Reject	Reject	Reject	Reject	1.171	0.854	17199.831	1.108
233	264	72.469	86.420	72.789	76.808	73.061	71.979	199275.550	4124.710	271.497	4337.061	234.950	0.839	0.944	0.890	0.985	0.703	0.951	0.049	0.865	0.738	3.9142406623090214E18	0.279	0.000	16498.841	Accept	Reject	Reject	Reject	Reject	Reject	Reject	1.055	0.948	17348.243	1.015
181	246	72.459	80.322	70.968	76.924	75.590	69.507	199195.536	4123.607	252.339	4268.179	233.020	0.902	0.942	0.887	0.920	0.814	0.966	0.034	0.923	0.755	3.7881706676599987E18	0.218	0.000	16494.427	Accept	Reject	Reject	Reject	Reject	Reject	Reject	1.084	0.923	17072.717	1.088
289	297	72.444	85.509	68.108	80.033	78.451	66.968	199070.580	4121.882	268.633	4315.664	235.465	0.847	0.905	0.819	0.854	0.718	0.955	0.045	0.877	0.756	3.6463425239327846E18	0.290	0.000	16487.528	Accept	Reject	Reject	Reject	Reject	Reject	Reject	1.175	0.851	17262.656	1.171
191	246	72.416	84.368	61.757	89.813	87.162	60.349	198840.586	4118.706	265.050	4276.042	240.309	0.858	0.806	0.650	0.692	0.737	0.963	0.037	0.907	0.743	3.7903966291014304E18	0.264	0.000	16474.824	Accept	Reject	Reject	Reject	Reject	Reject	Reject	1.454	0.688	17104.169	1.444
55	200	72.280	75.205	69.981	76.668	75.747	69.040	197719.687	4103.214	236.262	4153.592	229.696	0.961	0.943	0.889	0.911	0.924	0.988	0.012	0.972	0.765	3.6600996886990822E18	0.195	0.000	16412.854	Accept	Reject	Reject	Reject	Reject	Reject	Reject	1.096	0.913	16614.366	1.097
63	200	72.207	77.616	66.449	79.149	78.810	66.511	197118.775	4094.895	243.837	4192.350	232.904	0.930	0.912	0.832	0.844	0.865	0.977	0.023	0.955	0.779	2.6532641017887264E18	0.207	0.000	16379.582	Accept	Reject	Reject	Reject	Reject	Reject	Reject	1.191	0.840	16769.402	1.185
103	213	72.185	91.565	70.162	79.205	77.205	67.599	196945.716	4092.498	287.660	4342.548	235.429	0.788	0.911	0.831	0.876	0.621	0.942	0.058	0.818	0.736	3.6443369471767821E18	0.291	0.000	16369.991	Accept	Reject	Reject	Reject	Reject	Reject	Reject	1.129	0.886	17370.192	1.142
92	213	71.895	80.740	72.093	77.324	72.945	71.126	194576.457	4059.610	253.652	4197.726	231.967	0.890	0.930	0.864	0.975	0.793	0.967	0.033	0.915	0.728	2.7633593694581699E18	0.261	0.000	16238.440	Accept	Reject	Reject	Reject	Reject	Reject	Reject	1.073	0.932	16790.906	1.026
32	191	71.852	74.618	68.072	79.935	76.579	67.781	194225.748	4054.731	234.420	4104.120	230.528	0.963	0.899	0.808	0.885	0.927	0.988	0.012	0.983	0.745	3.6623915542494758E18	0.187	0.000	16218.923	Accept	Reject	Reject	Reject	Reject	Reject	Reject	1.174	0.852	16416.479	1.130
12	170	71.678	74.257	69.177	75.108	73.817	69.978	192825.806	4035.223	233.284	4104.846	229.719	0.965	0.954	0.911	0.948	0.932	0.983	0.017	0.985	0.777	3.9325678708191168E18	0.196	0.000	16140.893	Accept	Reject	Reject	Reject	Reject	Reject	Reject	1.086	0.921	16419.383	1.055
245	272	71.422	75.442	64.129	79.730	79.961	63.928	190762.649	4006.389	237.007	4067.634	229.917	0.947	0.896	0.802	0.799	0.896	0.985	0.015	0.970	0.784	2.6352496956437766E18	0.188	0.000	16025.554	Accept	Reject	Reject	Reject	Reject	Reject	Reject	1.243	0.804	16270.537	1.251
278	285	71.246	91.424	51.805	102.668	100.261	50.727	189355.179	3986.658	287.216	4210.360	250.241	0.779	0.694	0.482	0.506	0.607	0.947	0.053	0.871	0.750	2.7816958753669309E18	0.277	0.000	15946.630	Accept	Reject	Reject	Reject	Reject	Reject	Reject	1.982	0.505	16841.440	1.976
123	223	71.218	84.801	64.517	87.628	83.982	61.889	189132.494	3983.532	266.411	4158.511	239.386	0.840	0.813	0.661	0.737	0.705	0.958	0.042	0.899	0.705	3.8062207995067251E18	0.266	0.000	15934.126	Accept	Reject	Reject	Reject	Reject	Reject	Reject	1.358	0.736	16634.045	1.357
275	285	71.124	75.461	67.532	82.330	78.713	65.365	188386.441	3973.049	237.069	4037.185	231.877	0.943	0.864	0.746	0.830	0.888	0.984	0.016	0.978	0.715	2.6355707788109882E18	0.191	0.000	15892.196	Accept	Reject	Reject	Reject	Reject	Reject	Reject	1.219	0.820	16148.740	1.204
18	179	70.978	90.470	70.766	76.502	74.706	67.533	187230.270	3956.776	284.220	4217.402	231.789	0.785	0.928	0.861	0.904	0.616	0.938	0.062	0.816	0.731	3.788139880142944E18	0.272	0.000	15827.104	Accept	Reject	Reject	Reject	Reject	Reject	Reject	1.081	0.925	16869.606	1.106
40	193	70.746	89.028	69.487	77.186	73.482	68.273	185395.899	3930.890	279.691	4166.637	230.366	0.795	0.917	0.840	0.929	0.631	0.943	0.057	0.824	0.733	2.6352497117519648E18	0.277	0.000	15723.558	Accept	Reject	Reject	Reject	Reject	Reject	Reject	1.111	0.900	16666.548	1.076
34	191	70.253	79.886	59.443	95.233	88.055	56.908	181549.433	3876.330	250.968	3984.300	238.904	0.879	0.738	0.544	0.646	0.773	0.973	0.027	0.952	0.685	2.6352491534041222E18	0.231	0.000	15505.319	Accept	Reject	Reject	Reject	Reject	Reject	Reject	1.602	0.624	15937.202	1.547
8	161	70.078	77.516	69.619	73.270	71.490	68.723	180198.055	3857.070	243.524	3982.507	224.807	0.904	0.956	0.915	0.961	0.817	0.969	0.031	0.923	0.756	2.6354955128475296E18	0.256	0.000	15428.281	Accept	Reject	Reject	Reject	Reject	Reject	Reject	1.052	0.950	15930.027	1.040
247	272	70.046	72.769	62.538	77.522	78.058	63.203	179945.399	3853.464	228.610	3896.447	225.087	0.963	0.904	0.816	0.810	0.927	0.989	0.011	0.985	0.795	2.6352492222602054E18	0.187	0.000	15413.854	Accept	Reject	Reject	Reject	Reject	Reject	Reject	1.240	0.807	15585.788	1.235
66	200	69.978	85.666	63.825	80.908	77.674	65.632	179426.295	3846.050	269.128	4091.572	237.532	0.817	0.865	0.748	0.845	0.667	0.940	0.060	0.883	0.745	3.7862355788686758E18	0.288	0.000	15384.199	Accept	Reject	Reject	Reject	Reject	Reject	Reject	1.268	0.789	16366.288	1.183
28	187	69.820	85.576	62.826	79.696	77.927	63.011	178215.477	3828.727	268.844	4050.820	230.514	0.816	0.876	0.768	0.809	0.666	0.945	0.055	0.857	0.765	3.7884169486006784E18	0.290	0.000	15314.910	Accept	Reject	Reject	Reject	Reject	Reject	Reject	1.269	0.788	16203.279	1.237
200	246	69.537	73.980	66.160	74.968	73.494	65.915	176053.546	3797.700	232.417	3887.668	222.701	0.940	0.928	0.860	0.897	0.883	0.977	0.023	0.958	0.766	2.6352491544610832E18	0.228	0.000	15190.799	Accept	Reject	Reject	Reject	Reject	Reject	Reject	1.133	0.883	15550.672	1.115
80	206	69.528	71.908	66.310	75.323	73.968	65.386	175989.663	3796.781	225.905	3846.312	221.279	0.967	0.923	0.852	0.884	0.935	0.987	0.013	0.980	0.760	2.6352535601601389E18	0.208	0.000	15187.125	Accept	Reject	Reject	Reject	Reject	Reject	Reject	1.136	0.880	15385.250	1.131
204	246	69.452	77.498	62.348	80.641	78.346	62.358	175409.319	3788.430	243.466	3907.131	227.263	0.896	0.861	0.742	0.796	0.803	0.970	0.030	0.933	0.753	2.6352804980940893E18	0.279	0.000	15153.718	Accept	Reject	Reject	Reject	Reject	Reject	Reject	1.293	0.773	15628.524	1.256
301	314	69.449	81.015	66.560	76.067	74.980	64.426	175390.239	3788.155	254.516	3968.775	225.401	0.857	0.913	0.834	0.859	0.735	0.954	0.046	0.886	0.748	2.6352491544629872E18	0.232	0.000	15152.620	Accept	Reject	Reject	Reject	Reject	Reject	Reject	1.143	0.875	15875.101	1.164
193	246	69.391	83.658	69.180	72.809	71.629	67.259	174949.863	3781.811	262.819	3954.688	224.174	0.829	0.953	0.908	0.939	0.688	0.956	0.044	0.853	0.751	2.6352492221236285E18	0.253	0.000	15127.244	Accept	Reject	Reject	Reject	Reject	Reject	Reject	1.052	0.950	15818.752	1.065
3	157	68.999	81.682	63.998	77.922	75.985	62.758	171999.932	3739.180	256.611	3921.582	225.132	0.845	0.885	0.784	0.826	0.714	0.953	0.047	0.877	0.750	3.7721309900206995E18	0.286	0.000	14956.719	Accept	Reject	Reject	Reject	Reject	Reject	Reject	1.218	0.821	15686.328	1.211
89	210	68.316	79.335	66.108	72.581	70.885	65.997	166939.040	3665.468	249.237	3836.602	221.091	0.861	0.941	0.886	0.931	0.742	0.955	0.045	0.887	0.764	2.6354955127300845E18	0.276	0.000	14661.872	Accept	Reject	Reject	Reject	Reject	Reject	Reject	1.098	0.911	15346.408	1.074
270	285	68.057	71.363	61.422	75.802	75.392	61.477	165049.706	3637.759	224.195	3696.123	217.903	0.954	0.898	0.806	0.815	0.909	0.984	0.016	0.972	0.781	3.7724080689791405E18	0.190	0.000	14551.037	Accept	Reject	Reject	Reject	Reject	Reject	Reject	1.234	0.810	14784.493	1.226
82	206	67.967	73.063	67.458	72.185	69.668	67.036	164395.267	3628.137	229.534	3721.882	219.990	0.930	0.942	0.887	0.962	0.865	0.975	0.025	0.958	0.745	2.6352497720157613E18	0.248	0.000	14512.548	Accept	Reject	Reject	Reject	Reject	Reject	Reject	1.070	0.935	14887.528	1.039
287	296	67.919	75.971	58.880	88.188	82.933	56.509	164047.668	3623.021	238.669	3738.369	227.840	0.894	0.770	0.593	0.681	0.799	0.969	0.031	0.955	0.698	2.6352497118862192E18	0.231	0.000	14492.084	Accept	Reject	Reject	Reject	Reject	Reject	Reject	1.498	0.668	14953.475	1.468
281	285	67.602	70.664	65.059	72.199	70.340	65.008	161765.282	3589.338	221.997	3654.799	215.599	0.957	0.936	0.877	0.924	0.915	0.982	0.018	0.971	0.764	3.7881712776963546E18	0.247	0.000	14357.351	Accept	Reject	Reject	Reject	Reject	Reject	Reject	1.110	0.901	14619.196	1.082
94	213	67.579	73.690	66.141	71.899	70.065	65.224	161599.374	3586.883	231.504	3686.773	216.496	0.917	0.940	0.883	0.931	0.841	0.973	0.027	0.935	0.754	2.635249154463184E18	0.226	0.000	14347.534	Accept	Reject	Reject	Reject	Reject	Reject	Reject	1.087	0.920	14747.092	1.074
30	190	67.532	72.971	67.293	69.747	68.017	67.098	161259.518	3581.853	229.245	3676.243	215.901	0.925	0.968	0.937	0.986	0.856	0.974	0.026	0.942	0.763	3.6440867986195878E18	0.266	0.000	14327.411	Accept	Reject	Reject	Reject	Reject	Reject	Reject	1.036	0.965	14704.972	1.014
23	179	67.381	80.102	57.521	83.855	83.573	54.662	160183.929	3565.908	251.648	3729.098	224.304	0.841	0.804	0.646	0.654	0.708	0.956	0.044	0.891	0.739	2.6352497721502454E18	0.273	0.000	14263.631	Accept	Reject	Reject	Reject	Reject	Reject	Reject	1.458	0.686	14916.393	1.529
260	272	66.942	73.968	53.997	80.594	82.856	54.603	157070.089	3519.545	232.377	3638.199	223.449	0.905	0.831	0.690	0.659	0.819	0.967	0.033	0.962	0.809	3.7882064019412602E18	0.232	0.000	14078.179	Accept	Reject	Reject	Reject	Reject	Reject	Reject	1.493	0.670	14552.794	1.517
59	200	66.924	69.596	64.773	70.547	69.140	64.785	156944.674	3517.671	218.641	3569.402	212.563	0.962	0.949	0.900	0.937	0.925	0.986	0.014	0.972	0.770	2.6352491544778931E18	0.204	0.000	14070.682	Accept	Reject	Reject	Reject	Reject	Reject	Reject	1.089	0.918	14277.606	1.067
229	262	66.746	84.813	60.427	81.849	78.157	57.640	155697.366	3499.008	266.447	3747.178	224.329	0.787	0.815	0.665	0.737	0.619	0.934	0.066	0.842	0.707	2.7633297599581165E18	0.307	0.000	13996.032	Accept	Reject	Reject	Reject	Reject	Reject	Reject	1.355	0.738	14988.712	1.356
119	218	66.742	80.480	63.237	74.830	72.909	61.170	155668.014	3498.568	252.835	3688.184	217.936	0.829	0.892	0.796	0.839	0.688	0.949	0.051	0.862	0.739	3.661823578896935E18	0.299	0.000	13994.274	Accept	Reject	Reject	Reject	Reject	Reject	Reject	1.183	0.845	14752.737	1.192
277	285	66.588	70.722	63.993	71.402	69.981	63.457	154589.386	3482.389	222.178	3557.871	213.462	0.942	0.933	0.870	0.907	0.887	0.979	0.021	0.961	0.762	2.651262509472167E18	0.222	0.000	13929.554	Accept	Reject	Reject	Reject	Reject	Reject	Reject	1.116	0.896	14231.483	1.103
125	224	66.386	69.280	65.486	69.903	67.299	65.536	153189.755	3461.337	217.650	3521.932	211.648	0.958	0.950	0.902	0.974	0.918	0.983	0.017	0.972	0.756	2.6355306886131693E18	0.204	0.000	13845.350	Accept	Reject	Reject	Reject	Reject	Reject	Reject	1.067	0.937	14087.726	1.027
93	213	66.238	68.793	63.310	73.491	70.449	62.379	152168.572	3445.938	216.118	3505.465	212.265	0.963	0.901	0.812	0.885	0.927	0.983	0.017	0.982	0.741	3.7884565407000307E18	0.199	0.000	13783.752	Accept	Reject	Reject	Reject	Reject	Reject	Reject	1.161	0.861	14021.860	1.129
57	200	66.093	67.241	62.930	69.873	69.565	62.806	151170.698	3430.856	211.244	3456.430	209.343	0.983	0.946	0.895	0.903	0.966	0.993	0.007	0.991	0.780	2.6352497042358086E18	0.188	0.000	13723.425	Accept	Reject	Reject	Reject	Reject	Reject	Reject	1.110	0.901	13825.719	1.108
87	209	66.051	76.209	66.026	70.253	66.767	65.404	150884.432	3426.524	239.418	3569.648	213.133	0.867	0.940	0.884	0.980	0.751	0.960	0.040	0.890	0.739	2.6352491619793734E18	0.268	0.000	13706.096	Accept	Reject	Reject	Reject	Reject	Reject	Reject	1.064	0.940	14278.593	1.021
24	179	65.839	70.635	59.321	79.311	74.045	59.833	149436.861	3404.573	221.905	3520.536	218.507	0.932	0.830	0.689	0.808	0.869	0.967	0.033	0.985	0.724	2.6352491544799949E18	0.204	0.000	13618.290	Accept	Reject	Reject	Reject	Reject	Reject	Reject	1.337	0.748	14082.144	1.238
223	262	65.645	75.390	56.189	86.908	87.266	52.025	148114.139	3384.453	236.846	3639.179	227.250	0.871	0.755	0.571	0.596	0.758	0.930	0.070	0.959	0.693	3.7881712089768768E18	0.191	0.000	13537.812	Accept	Reject	Reject	Reject	Reject	Reject	Reject	1.547	0.647	14556.714	1.677
154	238	65.251	69.524	63.746	70.326	67.839	62.838	145466.294	3343.995	218.415	3417.885	208.725	0.939	0.928	0.861	0.926	0.881	0.978	0.022	0.956	0.746	2.6352491621114976E18	0.236	0.000	13375.982	Accept	Reject	Reject	Reject	Reject	Reject	Reject	1.103	0.906	13671.542	1.080
294	304	65.206	79.354	62.559	75.291	72.039	59.386	145161.800	3339.328	249.299	3515.893	213.965	0.822	0.866	0.750	0.824	0.675	0.950	0.050	0.858	0.709	2.7613851369916109E18	0.288	0.000	13357.311	Accept	Reject	Reject	Reject	Reject	Reject	Reject	1.204	0.831	14063.573	1.213
225	262	65.094	71.472	60.927	71.682	70.528	60.221	144419.011	3327.927	224.537	3433.665	210.273	0.911	0.908	0.825	0.854	0.829	0.969	0.031	0.936	0.762	2.763359919080057E18	0.268	0.000	13311.706	Accept	Reject	Reject	Reject	Reject	Reject	Reject	1.177	0.850	13734.660	1.171
61	200	64.846	67.360	63.111	68.731	67.087	62.707	142772.819	3302.589	211.618	3358.016	206.598	0.963	0.943	0.890	0.935	0.927	0.983	0.017	0.976	0.761	3.6440555386378131E18	0.201	0.000	13210.355	Accept	Reject	Reject	Reject	Reject	Reject	Reject	1.089	0.918	13432.063	1.070
196	246	64.810	76.613	65.636	68.242	65.660	64.023	142537.172	3298.954	240.688	3469.129	210.129	0.846	0.950	0.902	0.975	0.716	0.951	0.049	0.873	0.737	2.7793996042538701E18	0.288	0.000	13195.815	Accept	Reject	Reject	Reject	Reject	Reject	Reject	1.040	0.962	13876.516	1.026
35	191	64.717	81.373	61.354	71.435	69.092	60.766	141923.038	3289.471	255.642	3523.797	212.806	0.795	0.906	0.821	0.879	0.633	0.934	0.066	0.832	0.751	5.0671934430017094E18	0.272	0.000	13157.883	Accept	Reject	Reject	Reject	Reject	Reject	Reject	1.164	0.859	14095.189	1.137
129	226	64.532	71.332	63.750	68.045	66.138	63.042	140706.986	3270.654	224.095	3389.330	207.748	0.905	0.948	0.899	0.953	0.818	0.965	0.035	0.927	0.754	2.7771168720523853E18	0.288	0.000	13082.616	Accept	Reject	Reject	Reject	Reject	Reject	Reject	1.067	0.937	13557.320	1.049
69	202	64.489	86.612	55.644	93.115	92.268	50.945	140426.742	3266.310	272.099	3830.601	236.389	0.745	0.693	0.480	0.552	0.554	0.853	0.147	0.869	0.630	2.6355351038709776E18	0.352	3.952	13065.238	Accept	Reject	Reject	Reject	Reject	Reject	Reject	1.673	0.598	15322.406	1.811
139	231	64.293	76.629	56.632	77.497	74.626	55.704	139151.817	3246.510	240.737	3406.961	213.101	0.839	0.830	0.688	0.746	0.704	0.953	0.047	0.885	0.740	2.6352530093303162E18	0.282	0.000	12986.041	Accept	Reject	Reject	Reject	Reject	Reject	Reject	1.368	0.731	13627.842	1.340
136	230	63.947	71.425	58.226	81.167	74.499	57.016	136915.738	3211.637	224.387	3354.385	217.924	0.895	0.788	0.621	0.765	0.802	0.957	0.043	0.971	0.680	2.6352497117688115E18	0.206	0.000	12846.546	Accept	Reject	Reject	Reject	Reject	Reject	Reject	1.394	0.717	13417.542	1.307
234	265	63.900	72.668	64.387	67.387	64.595	63.445	136616.371	3206.953	228.292	3363.652	207.694	0.879	0.948	0.899	0.982	0.773	0.953	0.047	0.910	0.739	2.635530698175953E18	0.243	0.000	12827.814	Accept	Reject	Reject	Reject	Reject	Reject	Reject	1.047	0.955	13454.609	1.018
36	191	63.896	83.194	64.683	69.677	65.427	62.540	136587.652	3206.504	261.362	3459.668	210.649	0.768	0.917	0.841	0.956	0.590	0.927	0.073	0.806	0.711	3.8042466874358304E18	0.301	0.000	12826.016	Accept	Reject	Reject	Reject	Reject	Reject	Reject	1.077	0.928	13838.674	1.046
249	272	63.868	69.072	62.650	68.115	66.177	61.748	136409.365	3203.713	216.995	3285.524	204.477	0.925	0.938	0.879	0.933	0.855	0.975	0.025	0.942	0.751	3.6440598681009286E18	0.280	0.000	12814.851	Accept	Reject	Reject	Reject	Reject	Reject	Reject	1.087	0.920	13142.094	1.072
101	213	63.739	75.518	61.472	69.981	67.497	60.288	135587.190	3190.827	237.246	3362.858	207.492	0.844	0.911	0.830	0.893	0.712	0.949	0.051	0.875	0.742	3.7884879444274195E18	0.261	0.000	12763.307	Accept	Reject	Reject	Reject	Reject	Reject	Reject	1.138	0.878	13451.433	1.120
68	200	63.618	65.078	60.263	68.036	67.621	59.870	134812.844	3178.667	204.449	3205.704	202.223	0.978	0.935	0.874	0.885	0.956	0.992	0.008	0.989	0.775	2.6352492231973744E18	0.232	0.000	12714.667	Accept	Reject	Reject	Reject	Reject	Reject	Reject	1.129	0.886	12822.816	1.129
121	223	63.554	66.667	57.190	71.813	71.310	57.003	134407.893	3172.298	209.441	3224.064	205.953	0.953	0.885	0.783	0.799	0.909	0.984	0.016	0.983	0.772	2.6352536299701386E18	0.202	0.000	12689.193	Accept	Reject	Reject	Reject	Reject	Reject	Reject	1.256	0.796	12896.255	1.251
37	193	63.443	68.969	49.825	84.028	83.444	48.753	133704.786	3161.225	216.672	3210.799	214.046	0.920	0.755	0.570	0.584	0.846	0.985	0.015	0.988	0.755	2.6355311792103891E18	0.185	0.000	12644.900	Accept	Reject	Reject	Reject	Reject	Reject	Reject	1.686	0.593	12843.195	1.712
77	205	63.419	74.067	59.150	73.150	71.046	56.838	133550.950	3158.800	232.690	3311.662	207.812	0.856	0.867	0.752	0.800	0.733	0.954	0.046	0.893	0.730	2.6352497646335571E18	0.265	0.000	12635.201	Accept	Reject	Reject	Reject	Reject	Reject	Reject	1.237	0.809	13246.647	1.250
175	245	63.385	68.271	58.420	72.456	69.642	59.646	133337.884	3155.439	214.478	3257.178	210.034	0.928	0.875	0.765	0.856	0.862	0.969	0.031	0.979	0.745	2.779400084315289E18	0.230	0.000	12621.757	Accept	Reject	Reject	Reject	Reject	Reject	Reject	1.240	0.806	13028.710	1.168
97	213	63.322	103.996	50.305	102.324	110.873	44.485	132943.965	3149.221	326.713	4053.641	254.386	0.609	0.619	0.383	0.401	0.371	0.777	0.223	0.779	0.612	2.7638832286351821E18	0.250	0.000	12596.886	Accept	Reject	Reject	Reject	Reject	Reject	Reject	2.034	0.492	16214.563	2.492
220	258	63.182	65.282	57.352	69.134	68.898	57.973	132063.173	3135.297	205.090	3173.820	201.523	0.968	0.914	0.835	0.841	0.937	0.988	0.012	0.983	0.791	2.6352491621301469E18	0.213	0.000	12541.186	Accept	Reject	Reject	Reject	Reject	Reject	Reject	1.205	0.830	12695.282	1.188
130	226	63.068	69.529	50.872	79.713	80.310	49.825	131349.559	3123.991	218.433	3190.970	210.436	0.907	0.791	0.626	0.620	0.823	0.979	0.021	0.963	0.770	3.7884526914508979E18	0.265	0.000	12495.966	Accept	Reject	Reject	Reject	Reject	Reject	Reject	1.567	0.638	12763.879	1.612
25	179	63.005	74.302	62.882	77.358	74.527	56.893	130954.505	3117.724	233.426	3447.431	221.477	0.848	0.814	0.663	0.763	0.719	0.904	0.096	0.949	0.641	3.8062203183359066E18	0.260	0.000	12470.897	Accept	Reject	Reject	Reject	Reject	Reject	Reject	1.230	0.813	13789.723	1.310
13	170	62.719	69.877	61.074	67.905	65.738	59.917	129177.834	3089.462	219.526	3193.703	201.769	0.898	0.924	0.853	0.911	0.806	0.967	0.033	0.919	0.745	2.6516060393280451E18	0.275	0.000	12357.847	Accept	Reject	Reject	Reject	Reject	Reject	Reject	1.112	0.899	12774.812	1.097
239	267	62.704	71.111	60.814	66.997	65.597	60.063	129090.385	3088.067	223.403	3212.695	202.680	0.882	0.936	0.876	0.916	0.778	0.961	0.039	0.907	0.758	3.7701562596207917E18	0.291	0.000	12352.268	Accept	Reject	Reject	Reject	Reject	Reject	Reject	1.102	0.908	12850.781	1.092
155	239	62.652	64.713	55.212	72.831	72.109	54.511	128764.453	3082.867	203.302	3107.998	201.739	0.968	0.860	0.740	0.756	0.937	0.992	0.008	0.992	0.767	2.6352491621136608E18	0.185	0.000	12331.469	Accept	Reject	Reject	Reject	Reject	Reject	Reject	1.319	0.758	12431.993	1.323
126	224	62.491	70.564	57.727	72.968	72.058	54.955	127774.527	3067.046	221.682	3216.967	206.643	0.886	0.856	0.733	0.763	0.784	0.953	0.047	0.932	0.728	3.7724080689788813E18	0.270	0.000	12268.186	Accept	Reject	Reject	Reject	Reject	Reject	Reject	1.264	0.791	12867.870	1.311
271	285	62.264	63.568	61.128	65.315	63.914	60.678	126391.855	3044.880	199.705	3071.102	197.344	0.979	0.953	0.909	0.949	0.959	0.991	0.009	0.988	0.763	2.6352497042189984E18	0.195	0.000	12179.521	Accept	Reject	Reject	Reject	Reject	Reject	Reject	1.068	0.936	12284.407	1.053
90	213	62.249	71.129	62.049	65.663	63.721	60.852	126300.452	3043.412	223.460	3178.588	201.470	0.875	0.948	0.899	0.955	0.766	0.957	0.043	0.902	0.747	2.6352491619940899E18	0.262	0.000	12173.648	Accept	Reject	Reject	Reject	Reject	Reject	Reject	1.058	0.945	12714.353	1.047
72	203	62.245	70.523	52.701	78.247	75.585	51.774	126270.705	3042.934	221.555	3146.553	207.517	0.883	0.795	0.633	0.685	0.779	0.967	0.033	0.937	0.738	2.635249223197079E18	0.256	0.000	12171.736	Accept	Reject	Reject	Reject	Reject	Reject	Reject	1.485	0.674	12586.212	1.460
290	298	62.137	66.356	61.505	65.490	62.417	62.049	125618.683	3032.450	208.463	3107.393	199.290	0.936	0.949	0.900	0.994	0.877	0.976	0.024	0.956	0.753	3.6598532540785805E18	0.214	0.000	12129.799	Accept	Reject	Reject	Reject	Reject	Reject	Reject	1.065	0.939	12429.574	1.006
16	178	61.865	63.969	60.544	64.840	63.425	60.366	123972.757	3005.903	200.965	3051.461	196.693	0.967	0.954	0.910	0.952	0.935	0.985	0.015	0.979	0.766	3.7882059122958477E18	0.203	0.000	12023.613	Accept	Reject	Reject	Reject	Reject	Reject	Reject	1.071	0.934	12205.843	1.051
248	272	61.607	69.788	61.460	65.855	62.503	60.782	122431.732	2980.942	219.247	3090.377	198.617	0.883	0.935	0.875	0.972	0.779	0.965	0.035	0.906	0.736	3.6443370137490368E18	0.259	0.000	11923.767	Accept	Reject	Reject	Reject	Reject	Reject	Reject	1.072	0.933	12361.510	1.028
128	224	61.505	85.557	53.889	79.941	78.000	49.518	121823.330	2971.058	268.785	3268.627	213.404	0.719	0.769	0.592	0.635	0.517	0.909	0.091	0.794	0.690	2.6529860025199878E18	0.331	0.000	11884.231	Accept	Reject	Reject	Reject	Reject	Reject	Reject	1.483	0.674	13074.510	1.575
152	237	61.295	64.209	59.552	65.160	63.704	59.049	120580.674	2950.819	201.718	3013.378	195.936	0.955	0.941	0.885	0.927	0.911	0.979	0.021	0.971	0.760	3.7878935821398317E18	0.223	0.000	11803.277	Accept	Reject	Reject	Reject	Reject	Reject	Reject	1.094	0.914	12053.513	1.079
131	228	61.192	67.579	52.870	74.715	72.708	51.709	119970.295	2940.853	212.306	3018.611	200.647	0.905	0.819	0.671	0.711	0.820	0.974	0.026	0.945	0.744	2.7613895954531437E18	0.250	0.000	11763.412	Accept	Reject	Reject	Reject	Reject	Reject	Reject	1.413	0.708	12074.444	1.406
107	213	61.022	62.765	59.748	63.488	62.564	59.561	118976.711	2924.593	197.184	2962.020	194.070	0.972	0.961	0.924	0.952	0.945	0.987	0.013	0.984	0.771	2.6352491544629549E18	0.227	0.000	11698.372	Accept	Reject	Reject	Reject	Reject	Reject	Reject	1.063	0.941	11848.079	1.050
265	280	60.902	65.166	59.405	64.513	62.873	59.069	118276.237	2913.103	204.724	2995.706	195.665	0.935	0.944	0.891	0.939	0.873	0.972	0.028	0.956	0.760	2.6352491619938237E18	0.239	0.000	11652.411	Accept	Reject	Reject	Reject	Reject	Reject	Reject	1.086	0.921	11982.824	1.064
214	254	60.850	72.875	53.679	75.164	70.564	54.012	117972.724	2908.117	228.942	3131.712	207.833	0.835	0.810	0.655	0.765	0.697	0.929	0.071	0.908	0.721	3.9193827425516154E18	0.272	0.000	11632.469	Accept	Reject	Reject	Reject	Reject	Reject	Reject	1.400	0.714	12526.846	1.306
201	246	60.702	70.650	60.860	63.940	61.437	60.032	117115.101	2894.006	221.953	3033.350	196.417	0.859	0.949	0.901	0.977	0.738	0.954	0.046	0.885	0.744	3.6618236563447622E18	0.282	0.000	11576.024	Accept	Reject	Reject	Reject	Reject	Reject	Reject	1.051	0.952	12133.398	1.023
169	241	60.660	64.517	53.652	71.310	69.974	52.949	116871.081	2889.984	202.686	2964.474	198.548	0.940	0.851	0.724	0.757	0.884	0.975	0.025	0.980	0.755	2.6555506048188845E18	0.202	0.000	11559.937	Accept	Reject	Reject	Reject	Reject	Reject	Reject	1.329	0.752	11857.898	1.322
293	301	60.658	72.133	61.051	63.871	61.419	59.945	116856.935	2889.751	226.612	3035.841	196.407	0.841	0.950	0.902	0.976	0.707	0.952	0.048	0.867	0.741	3.6598533218276211E18	0.284	0.000	11559.005	Accept	Reject	Reject	Reject	Reject	Reject	Reject	1.046	0.956	12143.363	1.025
291	301	60.542	74.707	60.615	66.295	62.861	58.500	116190.550	2878.755	234.698	3078.502	198.792	0.810	0.913	0.834	0.931	0.657	0.935	0.065	0.847	0.716	3.7884213552520666E18	0.287	0.000	11515.019	Accept	Reject	Reject	Reject	Reject	Reject	Reject	1.094	0.914	12314.009	1.075
127	224	60.461	78.395	55.765	88.149	83.732	50.804	115726.575	2871.086	246.286	3286.337	227.507	0.771	0.686	0.470	0.607	0.595	0.874	0.126	0.924	0.584	2.6352541197330211E18	0.332	0.000	11484.344	Accept	Reject	Reject	Reject	Reject	Reject	Reject	1.581	0.633	13145.346	1.648
50	198	60.411	65.678	57.499	64.598	63.864	57.166	115434.595	2866.255	206.333	2942.338	193.737	0.920	0.935	0.875	0.895	0.846	0.974	0.026	0.939	0.772	2.6352843465003971E18	0.233	0.000	11465.019	Accept	Reject	Reject	Reject	Reject	Reject	Reject	1.123	0.890	11769.351	1.117
47	196	60.393	63.152	57.997	65.258	63.701	57.326	115335.642	2864.616	198.399	2916.456	192.841	0.956	0.925	0.856	0.900	0.915	0.982	0.018	0.972	0.757	2.6375009618096109E18	0.230	0.000	11458.466	Accept	Reject	Reject	Reject	Reject	Reject	Reject	1.125	0.889	11665.824	1.111
227	262	60.387	62.773	55.921	65.285	64.452	56.656	115297.485	2863.985	197.208	2910.226	192.913	0.962	0.925	0.856	0.879	0.925	0.984	0.016	0.978	0.784	2.6352491534038563E18	0.239	0.000	11455.939	Accept	Reject	Reject	Reject	Reject	Reject	Reject	1.167	0.857	11640.904	1.138
113	218	60.275	62.714	57.693	63.776	63.239	57.495	114660.644	2853.429	197.022	2905.308	192.236	0.961	0.945	0.893	0.909	0.924	0.982	0.018	0.976	0.776	2.7613543506825846E18	0.208	0.000	11413.715	Accept	Reject	Reject	Reject	Reject	Reject	Reject	1.105	0.905	11621.233	1.100
70	202	60.207	64.062	57.643	66.341	63.426	57.799	114274.238	2847.015	201.257	2909.972	195.131	0.940	0.908	0.824	0.911	0.883	0.978	0.022	0.970	0.744	2.6352800085878896E18	0.218	0.000	11388.059	Accept	Reject	Reject	Reject	Reject	Reject	Reject	1.151	0.869	11639.887	1.097
10	165	60.202	65.902	53.236	77.179	72.172	51.260	114240.980	2846.462	207.037	2930.960	201.723	0.914	0.780	0.608	0.710	0.834	0.971	0.029	0.974	0.693	2.6352844075524198E18	0.219	0.000	11385.849	Accept	Reject	Reject	Reject	Reject	Reject	Reject	1.450	0.690	11723.841	1.408
108	213	60.166	75.341	57.798	66.217	63.654	57.006	114038.820	2843.103	236.690	3026.643	197.404	0.799	0.909	0.826	0.896	0.638	0.939	0.061	0.834	0.743	3.7884878939319309E18	0.305	0.000	11372.413	Accept	Reject	Reject	Reject	Reject	Reject	Reject	1.146	0.873	12106.570	1.117
272	285	60.037	71.697	55.926	78.100	70.287	52.558	113305.651	2830.904	225.242	3031.855	205.633	0.837	0.769	0.591	0.748	0.701	0.934	0.066	0.913	0.648	3.786200341763664E18	0.284	0.000	11323.617	Accept	Reject	Reject	Reject	Reject	Reject	Reject	1.397	0.716	12127.418	1.337
182	246	59.997	71.477	46.653	80.915	85.253	44.290	113081.677	2827.172	224.551	3082.524	213.022	0.839	0.741	0.550	0.520	0.705	0.917	0.083	0.949	0.749	2.6535896442038614E18	0.270	0.000	11308.690	Accept	Reject	Reject	Reject	Reject	Reject	Reject	1.734	0.577	12330.097	1.925
256	272	59.964	74.410	59.579	64.877	63.184	57.080	112893.069	2824.028	233.765	3012.232	196.200	0.806	0.924	0.854	0.903	0.649	0.938	0.062	0.839	0.731	3.7881752011489421E18	0.301	0.000	11296.112	Accept	Reject	Reject	Reject	Reject	Reject	Reject	1.089	0.918	12048.928	1.107
164	240	59.748	66.397	56.905	71.106	68.363	53.600	111675.724	2803.690	208.591	2918.064	198.420	0.900	0.840	0.706	0.784	0.810	0.961	0.039	0.951	0.693	3.6463078280969357E18	0.273	0.000	11214.760	Accept	Reject	Reject	Reject	Reject	Reject	Reject	1.250	0.800	11672.256	1.275
114	218	59.629	68.158	57.750	64.768	63.127	56.446	111011.789	2792.567	214.125	2901.399	192.878	0.875	0.921	0.848	0.894	0.765	0.962	0.038	0.901	0.747	2.6352535601766579E18	0.254	0.000	11170.266	Accept	Reject	Reject	Reject	Reject	Reject	Reject	1.122	0.892	11605.595	1.118
27	186	59.234	61.835	54.165	66.589	65.205	53.867	108820.038	2755.688	194.261	2799.731	189.985	0.958	0.890	0.791	0.826	0.918	0.984	0.016	0.978	0.764	2.6352496431499648E18	0.203	0.000	11022.752	Accept	Reject	Reject	Reject	Reject	Reject	Reject	1.229	0.813	11198.926	1.210
157	239	59.183	70.347	51.288	75.245	73.042	48.697	108542.094	2750.994	221.001	2880.254	199.672	0.841	0.787	0.619	0.667	0.708	0.955	0.045	0.903	0.713	3.7701562594993574E18	0.276	0.000	11003.975	Accept	Reject	Reject	Reject	Reject	Reject	Reject	1.467	0.682	11521.016	1.500
252	272	59.170	62.269	53.445	69.580	68.106	51.951	108465.803	2749.705	195.623	2803.593	192.881	0.950	0.850	0.723	0.763	0.903	0.981	0.019	0.986	0.739	2.7793648999620794E18	0.198	0.000	10998.818	Accept	Reject	Reject	Reject	Reject	Reject	Reject	1.302	0.768	11214.372	1.311
149	237	59.161	65.768	56.598	63.468	61.688	56.990	108420.103	2748.932	206.616	2847.401	191.458	0.900	0.932	0.869	0.924	0.809	0.965	0.035	0.927	0.765	2.6352497031599651E18	0.260	0.000	10995.728	Accept	Reject	Reject	Reject	Reject	Reject	Reject	1.121	0.892	11389.606	1.082
228	262	59.054	67.242	57.838	63.376	61.465	56.792	107833.785	2739.012	211.247	2861.270	191.041	0.878	0.932	0.868	0.924	0.771	0.957	0.043	0.904	0.747	3.6440554699348512E18	0.284	0.000	10956.050	Accept	Reject	Reject	Reject	Reject	Reject	Reject	1.096	0.913	11445.079	1.082
180	246	58.972	61.442	57.179	61.593	60.912	57.222	107382.782	2731.370	193.025	2780.518	188.354	0.960	0.957	0.917	0.939	0.921	0.982	0.018	0.976	0.776	2.6352491619791478E18	0.216	0.000	10925.481	Accept	Reject	Reject	Reject	Reject	Reject	Reject	1.077	0.928	11122.070	1.064
263	272	58.787	67.049	55.521	65.770	63.479	55.015	106374.686	2714.249	210.639	2822.584	192.125	0.877	0.894	0.799	0.867	0.769	0.962	0.038	0.912	0.743	2.635496002339583E18	0.275	0.000	10856.995	Accept	Reject	Reject	Reject	Reject	Reject	Reject	1.185	0.844	11290.338	1.154
76	205	58.737	62.651	52.800	70.086	66.547	52.246	106105.002	2709.659	196.823	2760.132	191.397	0.938	0.838	0.702	0.785	0.879	0.982	0.018	0.972	0.732	2.6354999205936682E18	0.205	0.000	10838.637	Accept	Reject	Reject	Reject	Reject	Reject	Reject	1.327	0.753	11040.528	1.274
276	285	58.683	60.793	56.706	62.075	60.979	56.543	105813.343	2704.692	190.988	2745.332	186.840	0.965	0.945	0.894	0.927	0.932	0.985	0.015	0.978	0.768	2.6352492136676854E18	0.213	0.000	10818.766	Accept	Reject	Reject	Reject	Reject	Reject	Reject	1.095	0.914	10981.328	1.078
209	249	58.420	67.855	52.868	70.034	67.667	52.145	104396.074	2680.486	213.173	2804.892	195.582	0.861	0.834	0.696	0.771	0.741	0.956	0.044	0.917	0.724	2.6352497031429254E18	0.250	0.000	10721.945	Accept	Reject	Reject	Reject	Reject	Reject	Reject	1.325	0.755	11219.569	1.298
73	203	58.334	62.782	52.233	68.624	66.129	52.114	103935.678	2672.600	197.236	2748.115	190.745	0.929	0.850	0.723	0.788	0.863	0.973	0.027	0.967	0.746	3.6598532617124755E18	0.237	0.000	10690.399	Accept	Reject	Reject	Reject	Reject	Reject	Reject	1.314	0.761	10992.460	1.269
250	272	58.012	62.389	55.456	67.040	61.901	54.792	102224.464	2643.184	196.001	2730.620	188.996	0.930	0.865	0.749	0.885	0.865	0.968	0.032	0.964	0.711	2.6561581719852016E18	0.225	0.000	10572.735	Accept	Reject	Reject	Reject	Reject	Reject	Reject	1.209	0.827	10922.480	1.130
267	282	57.922	65.421	58.582	61.110	58.588	57.389	101749.531	2634.991	205.526	2750.705	187.360	0.885	0.948	0.898	0.980	0.784	0.958	0.042	0.912	0.736	3.7862003417660557E18	0.262	0.000	10539.963	Accept	Reject	Reject	Reject	Reject	Reject	Reject	1.043	0.959	11002.820	1.021
91	213	57.894	70.398	49.722	71.908	70.018	48.150	101602.929	2632.459	221.163	2797.409	193.979	0.822	0.805	0.648	0.688	0.676	0.941	0.059	0.877	0.736	3.77015695530536E18	0.275	0.000	10529.836	Accept	Reject	Reject	Reject	Reject	Reject	Reject	1.446	0.691	11189.635	1.454
167	240	57.841	70.171	42.317	76.878	79.511	42.617	101321.385	2627.594	220.449	2805.408	201.127	0.824	0.752	0.566	0.536	0.679	0.937	0.063	0.912	0.808	3.7904230796428435E18	0.289	0.000	10510.375	Accept	Reject	Reject	Reject	Reject	Reject	Reject	1.817	0.550	11221.633	1.866
174	245	57.793	61.018	53.632	64.961	63.523	52.604	101070.242	2623.250	191.694	2677.251	185.994	0.947	0.890	0.791	0.828	0.897	0.980	0.020	0.970	0.753	2.7613505014355539E18	0.238	0.000	10492.999	Accept	Reject	Reject	Reject	Reject	Reject	Reject	1.211	0.826	10709.005	1.208
51	198	57.627	67.132	43.568	81.089	78.697	43.414	100201.497	2608.196	210.900	2719.132	202.545	0.858	0.711	0.505	0.552	0.737	0.959	0.041	0.960	0.738	2.6375010219202739E18	0.264	0.000	10432.785	Accept	Reject	Reject	Reject	Reject	Reject	Reject	1.861	0.537	10876.526	1.813
151	237	57.486	58.614	54.720	61.126	60.243	54.953	99470.170	2595.490	184.140	2615.365	182.553	0.981	0.940	0.884	0.912	0.962	0.992	0.008	0.991	0.776	2.6352491534041226E18	0.203	0.000	10381.960	Accept	Reject	Reject	Reject	Reject	Reject	Reject	1.117	0.895	10461.462	1.096
60	200	57.348	64.057	54.314	63.908	62.401	52.954	98754.015	2583.017	201.240	2696.891	186.368	0.895	0.897	0.805	0.849	0.802	0.958	0.042	0.926	0.744	2.6355307067658912E18	0.246	0.000	10332.069	Accept	Reject	Reject	Reject	Reject	Reject	Reject	1.177	0.850	10787.562	1.178
205	246	57.331	60.514	55.818	62.287	59.487	55.351	98665.341	2581.471	190.111	2633.939	183.501	0.947	0.920	0.847	0.930	0.898	0.980	0.020	0.965	0.742	2.6352530714733952E18	0.253	0.000	10325.884	Accept	Reject	Reject	Reject	Reject	Reject	Reject	1.116	0.896	10535.754	1.075
298	304	57.185	61.364	55.587	63.182	60.442	54.510	97914.533	2568.358	192.782	2640.714	185.037	0.932	0.905	0.819	0.902	0.868	0.973	0.027	0.960	0.731	2.6352492222429405E18	0.252	0.000	10273.432	Accept	Reject	Reject	Reject	Reject	Reject	Reject	1.137	0.880	10562.857	1.109
11	170	57.171	58.406	56.423	58.892	58.292	56.065	97842.945	2567.106	183.486	2590.609	180.990	0.979	0.971	0.942	0.962	0.958	0.991	0.009	0.986	0.773	2.6352492222429082E18	0.218	0.000	10268.424	Accept	Reject	Reject	Reject	Reject	Reject	Reject	1.044	0.958	10362.438	1.040
100	213	57.117	67.143	56.655	61.256	59.481	54.963	97563.888	2562.223	210.937	2703.698	185.800	0.851	0.932	0.869	0.924	0.724	0.948	0.052	0.881	0.738	3.6618236466771872E18	0.272	0.000	10248.890	Accept	Reject	Reject	Reject	Reject	Reject	Reject	1.081	0.925	10814.791	1.082
120	221	57.092	69.598	55.304	64.132	61.449	53.136	97436.231	2559.987	218.648	2726.774	187.373	0.820	0.890	0.792	0.865	0.673	0.939	0.061	0.857	0.722	3.6443061587202349E18	0.323	0.000	10239.949	Accept	Reject	Reject	Reject	Reject	Reject	Reject	1.160	0.862	10907.097	1.156
269	283	56.994	61.165	55.704	61.362	59.123	54.987	96937.572	2551.245	192.157	2616.621	182.746	0.932	0.929	0.863	0.930	0.868	0.975	0.025	0.951	0.746	3.6623870884232416E18	0.280	0.000	10204.981	Accept	Reject	Reject	Reject	Reject	Reject	Reject	1.102	0.908	10466.483	1.075
134	229	56.991	59.499	49.795	65.505	65.458	49.723	96922.556	2550.982	186.921	2592.149	183.850	0.958	0.870	0.757	0.760	0.917	0.984	0.016	0.984	0.782	2.7793688180628051E18	0.197	0.000	10203.927	Accept	Reject	Reject	Reject	Reject	Reject	Reject	1.315	0.760	10368.596	1.316
15	175	56.891	70.030	56.758	61.884	57.794	56.078	96409.950	2541.980	220.006	2710.724	186.647	0.812	0.919	0.845	0.970	0.660	0.938	0.062	0.848	0.724	3.786235594975328E18	0.292	0.000	10167.918	Accept	Reject	Reject	Reject	Reject	Reject	Reject	1.090	0.917	10842.898	1.031
253	272	56.872	61.376	56.387	60.384	57.517	56.265	96314.660	2540.304	192.818	2605.890	181.988	0.927	0.942	0.887	0.978	0.859	0.975	0.025	0.944	0.746	2.6352492222429082E18	0.240	0.000	10161.216	Accept	Reject	Reject	Reject	Reject	Reject	Reject	1.071	0.934	10423.559	1.022
212	251	56.689	59.884	53.496	64.177	62.301	51.703	95387.516	2523.976	188.131	2582.648	182.842	0.947	0.883	0.780	0.830	0.896	0.977	0.023	0.972	0.735	2.6352535611162112E18	0.235	0.000	10095.903	Accept	Reject	Reject	Reject	Reject	Reject	Reject	1.200	0.834	10330.593	1.205
185	246	56.511	61.871	47.033	72.206	72.056	44.898	94494.387	2508.196	194.373	2601.932	189.224	0.913	0.783	0.613	0.623	0.834	0.964	0.036	0.974	0.739	2.6352497719966157E18	0.195	0.000	10032.784	Accept	Reject	Reject	Reject	Reject	Reject	Reject	1.535	0.651	10407.729	1.605
300	304	56.376	73.492	54.984	63.139	60.247	52.942	93814.993	2496.159	230.880	2704.098	186.669	0.767	0.893	0.797	0.879	0.588	0.923	0.077	0.809	0.719	3.7724086104113952E18	0.308	0.000	9984.638	Accept	Reject	Reject	Reject	Reject	Reject	Reject	1.148	0.871	10816.393	1.138
148	236	56.256	69.376	45.489	76.592	76.515	43.994	93219.268	2485.581	217.951	2708.858	200.177	0.811	0.734	0.539	0.575	0.658	0.918	0.082	0.918	0.713	3.7881662600840288E18	0.288	0.000	9942.324	Accept	Reject	Reject	Reject	Reject	Reject	Reject	1.684	0.594	10835.433	1.739
179	246	55.998	58.816	52.717	61.353	60.029	52.447	91941.027	2462.807	184.776	2516.157	180.180	0.952	0.913	0.833	0.874	0.906	0.979	0.021	0.975	0.761	3.6440906628971706E18	0.211	0.000	9851.228	Accept	Reject	Reject	Reject	Reject	Reject	Reject	1.164	0.859	10064.628	1.145
81	206	55.822	57.450	55.769	56.879	56.304	55.338	91076.251	2447.339	180.485	2482.206	177.127	0.972	0.981	0.963	0.983	0.944	0.986	0.014	0.981	0.772	2.6352497032794784E18	0.231	0.000	9789.358	Accept	Reject	Reject	Reject	Reject	Reject	Reject	1.020	0.980	9928.823	1.017
297	304	55.812	71.886	48.282	75.494	70.542	44.814	91030.801	2446.525	225.837	2620.717	192.302	0.776	0.739	0.547	0.635	0.603	0.934	0.066	0.852	0.671	2.9392778807673997E18	0.324	0.000	9786.101	Accept	Reject	Reject	Reject	Reject	Reject	Reject	1.564	0.640	10482.867	1.574
58	200	55.804	65.259	54.516	59.899	57.629	54.156	90989.576	2445.787	205.018	2576.676	181.159	0.855	0.932	0.868	0.940	0.731	0.949	0.051	0.884	0.749	2.6375004796995318E18	0.282	0.000	9783.147	Accept	Reject	Reject	Reject	Reject	Reject	Reject	1.099	0.910	10306.706	1.064
224	262	55.731	60.141	54.306	62.401	57.959	54.444	90632.209	2439.378	188.939	2551.823	184.555	0.927	0.893	0.798	0.939	0.859	0.956	0.044	0.977	0.720	2.635284974507281E18	0.199	0.000	9757.513	Accept	Reject	Reject	Reject	Reject	Reject	Reject	1.149	0.870	10207.292	1.065
5	160	55.372	57.435	53.302	61.026	58.733	52.729	88894.062	2408.090	180.436	2441.700	178.687	0.964	0.907	0.823	0.898	0.929	0.986	0.014	0.990	0.740	2.6352547305555373E18	0.192	0.000	9632.358	Accept	Reject	Reject	Reject	Reject	Reject	Reject	1.145	0.873	9766.799	1.114
186	246	55.053	66.439	53.572	60.526	57.740	52.688	87365.044	2380.396	208.725	2531.512	180.899	0.829	0.910	0.827	0.913	0.687	0.940	0.060	0.867	0.734	3.7723772815982067E18	0.295	0.000	9521.585	Accept	Reject	Reject	Reject	Reject	Reject	Reject	1.130	0.885	10126.047	1.096
38	193	54.977	61.544	55.440	58.003	55.632	54.376	87003.990	2373.833	193.347	2473.478	177.477	0.893	0.948	0.898	0.977	0.798	0.960	0.040	0.918	0.738	2.6352799484536275E18	0.259	0.000	9495.334	Accept	Reject	Reject	Reject	Reject	Reject	Reject	1.046	0.956	9893.912	1.023
274	285	54.963	57.188	50.021	60.104	59.709	50.875	86938.761	2372.647	179.663	2411.222	176.709	0.961	0.914	0.836	0.852	0.924	0.984	0.016	0.984	0.789	2.6352843388518253E18	0.211	0.000	9490.588	Accept	Reject	Reject	Reject	Reject	Reject	Reject	1.202	0.832	9644.887	1.174
218	257	54.871	60.203	51.777	61.616	60.106	50.159	86503.736	2364.725	189.134	2454.221	177.531	0.911	0.891	0.793	0.835	0.831	0.964	0.036	0.939	0.741	2.6532679597598496E18	0.254	0.000	9458.901	Accept	Reject	Reject	Reject	Reject	Reject	Reject	1.190	0.840	9816.884	1.198
112	218	54.823	63.241	52.295	60.689	59.141	50.913	86277.693	2360.604	198.677	2480.665	178.561	0.867	0.903	0.816	0.861	0.752	0.952	0.048	0.899	0.744	3.6598230187003226E18	0.296	0.000	9442.416	Accept	Reject	Reject	Reject	Reject	Reject	Reject	1.161	0.862	9922.659	1.162
238	267	54.637	70.625	52.642	62.154	60.018	49.964	85402.297	2344.609	221.873	2542.294	181.435	0.774	0.879	0.773	0.832	0.599	0.922	0.078	0.818	0.717	2.6375015117167139E18	0.301	0.000	9378.438	Accept	Reject	Reject	Reject	Reject	Reject	Reject	1.181	0.847	10169.175	1.201
26	186	54.621	58.871	49.596	64.512	62.245	48.062	85325.283	2343.200	184.949	2395.960	177.325	0.928	0.847	0.717	0.772	0.861	0.978	0.022	0.959	0.732	3.6440554700525542E18	0.231	0.000	9372.799	Accept	Reject	Reject	Reject	Reject	Reject	Reject	1.301	0.769	9583.838	1.295
45	194	54.468	62.289	46.592	67.307	64.583	46.469	84610.264	2330.091	195.688	2424.170	181.038	0.874	0.809	0.655	0.720	0.765	0.961	0.039	0.925	0.743	3.808794827100896E18	0.247	0.000	9320.363	Accept	Reject	Reject	Reject	Reject	Reject	Reject	1.445	0.692	9696.682	1.390
199	246	54.436	57.659	52.999	59.560	57.175	52.040	84463.011	2327.387	181.140	2374.535	174.733	0.944	0.914	0.835	0.910	0.891	0.980	0.020	0.965	0.737	3.6440604287475533E18	0.234	0.000	9309.546	Accept	Reject	Reject	Reject	Reject	Reject	Reject	1.124	0.890	9498.142	1.099
162	240	54.290	59.585	42.732	69.414	70.516	42.283	83785.314	2314.921	187.191	2376.448	182.925	0.911	0.782	0.612	0.600	0.830	0.974	0.026	0.977	0.780	2.6352536288964259E18	0.222	0.000	9259.682	Accept	Reject	Reject	Reject	Reject	Reject	Reject	1.624	0.616	9505.791	1.668
117	218	54.200	58.511	50.898	64.222	60.587	49.422	83367.018	2307.209	183.819	2381.842	178.818	0.926	0.844	0.712	0.816	0.858	0.969	0.031	0.973	0.706	3.7882102414863008E18	0.237	0.000	9228.837	Accept	Reject	Reject	Reject	Reject	Reject	Reject	1.262	0.793	9527.369	1.226
56	200	54.075	59.124	51.969	58.629	56.939	51.422	82792.511	2296.597	185.744	2368.767	174.234	0.915	0.922	0.851	0.903	0.836	0.970	0.030	0.938	0.754	2.6352491621114976E18	0.224	0.000	9186.389	Accept	Reject	Reject	Reject	Reject	Reject	Reject	1.128	0.886	9475.068	1.107
64	200	53.828	60.814	51.976	57.738	56.776	51.092	81663.243	2275.666	191.053	2376.506	173.983	0.885	0.932	0.869	0.900	0.783	0.958	0.042	0.911	0.758	2.6532679597585638E18	0.273	0.000	9102.665	Accept	Reject	Reject	Reject	Reject	Reject	Reject	1.111	0.900	9506.023	1.111
88	209	53.827	61.880	51.069	65.889	60.669	49.217	81657.038	2275.551	194.402	2401.524	181.247	0.870	0.817	0.667	0.811	0.757	0.948	0.052	0.932	0.676	3.6440559606225446E18	0.278	0.000	9102.203	Accept	Reject	Reject	Reject	Reject	Reject	Reject	1.290	0.775	9606.098	1.233
171	241	53.430	61.483	40.534	76.483	73.800	39.033	79863.308	2242.103	193.156	2305.006	185.688	0.869	0.699	0.488	0.529	0.755	0.973	0.027	0.961	0.723	2.6375366962041094E18	0.248	0.000	8968.414	Accept	Reject	Reject	Reject	Reject	Reject	Reject	1.887	0.530	9220.024	1.891
118	218	53.236	61.165	49.051	61.931	59.396	47.893	78999.238	2225.902	192.155	2330.757	174.751	0.870	0.860	0.739	0.806	0.758	0.955	0.045	0.909	0.733	3.6440950609625562E18	0.298	0.000	8903.609	Accept	Reject	Reject	Reject	Reject	Reject	Reject	1.263	0.792	9323.027	1.240
104	213	53.167	54.647	48.877	58.862	58.352	48.471	78689.435	2220.079	171.677	2242.325	169.751	0.973	0.903	0.816	0.831	0.947	0.990	0.010	0.989	0.772	2.6352491621136317E18	0.225	0.000	8880.316	Accept	Reject	Reject	Reject	Reject	Reject	Reject	1.204	0.830	8969.301	1.204
194	246	53.110	62.738	43.476	67.239	65.497	43.168	78437.836	2215.344	197.098	2319.220	177.714	0.847	0.790	0.624	0.659	0.717	0.955	0.045	0.902	0.758	2.6352536965277072E18	0.283	0.000	8861.376	Accept	Reject	Reject	Reject	Reject	Reject	Reject	1.547	0.647	9276.879	1.517
78	205	53.100	62.682	48.936	61.012	59.496	47.647	78394.533	2214.529	196.920	2334.536	174.677	0.847	0.870	0.757	0.801	0.718	0.949	0.051	0.887	0.742	3.7881750657400358E18	0.332	0.000	8858.114	Accept	Reject	Reject	Reject	Reject	Reject	Reject	1.247	0.802	9338.143	1.249
280	285	53.027	59.033	50.978	57.901	56.424	49.884	78071.241	2208.436	185.459	2292.572	171.232	0.898	0.916	0.839	0.884	0.807	0.963	0.037	0.923	0.748	2.6352536203062291E18	0.273	0.000	8833.745	Accept	Reject	Reject	Reject	Reject	Reject	Reject	1.136	0.880	9170.287	1.131
31	190	52.491	68.427	49.650	59.545	57.417	48.079	75725.751	2163.980	214.970	2333.444	173.296	0.767	0.882	0.777	0.837	0.588	0.927	0.073	0.806	0.732	3.6460263446474445E18	0.318	0.000	8655.919	Accept	Reject	Reject	Reject	Reject	Reject	Reject	1.199	0.834	9333.776	1.194
216	257	52.387	62.844	51.757	57.962	55.134	49.856	75276.780	2155.418	197.431	2281.993	171.387	0.834	0.904	0.817	0.904	0.695	0.945	0.055	0.868	0.718	3.7859579683058618E18	0.297	0.000	8621.671	Accept	Reject	Reject	Reject	Reject	Reject	Reject	1.120	0.893	9127.974	1.106
246	272	52.229	62.750	45.482	63.995	61.704	44.349	74601.213	2142.503	197.136	2264.606	173.933	0.832	0.816	0.666	0.719	0.693	0.946	0.054	0.882	0.736	3.7881707267307456E18	0.291	0.000	8570.011	Accept	Reject	Reject	Reject	Reject	Reject	Reject	1.407	0.711	9058.423	1.391
240	268	52.171	63.687	47.985	62.537	60.962	45.670	74350.589	2137.701	200.080	2304.182	176.828	0.819	0.834	0.696	0.749	0.671	0.928	0.072	0.884	0.712	2.6375009533374131E18	0.282	0.000	8550.806	Accept	Reject	Reject	Reject	Reject	Reject	Reject	1.303	0.767	9216.727	1.335
65	200	51.908	58.478	49.340	57.799	55.150	48.909	73233.260	2116.231	183.715	2205.335	168.353	0.888	0.898	0.807	0.887	0.788	0.960	0.040	0.916	0.742	3.6620742847465894E18	0.280	0.000	8464.924	Accept	Reject	Reject	Reject	Reject	Reject	Reject	1.171	0.854	8821.338	1.128
137	231	51.842	54.030	50.319	56.080	54.178	49.938	72952.727	2110.823	169.741	2145.123	166.610	0.960	0.924	0.855	0.922	0.921	0.984	0.016	0.982	0.748	2.6352492221068512E18	0.215	0.000	8443.292	Accept	Reject	Reject	Reject	Reject	Reject	Reject	1.114	0.897	8580.494	1.085
110	213	51.753	67.961	48.495	66.825	62.004	44.831	72576.811	2103.565	213.506	2309.760	179.241	0.762	0.774	0.600	0.723	0.580	0.911	0.089	0.840	0.649	3.6443376418062202E18	0.353	0.000	8414.262	Accept	Reject	Reject	Reject	Reject	Reject	Reject	1.378	0.726	9239.040	1.383
160	240	51.535	55.913	51.089	53.923	52.845	50.295	71666.264	2085.934	175.655	2152.463	165.383	0.922	0.956	0.913	0.952	0.850	0.969	0.031	0.942	0.757	2.6532680275382621E18	0.275	0.000	8343.738	Accept	Reject	Reject	Reject	Reject	Reject	Reject	1.055	0.947	8609.854	1.051
261	272	51.191	59.223	49.378	57.892	55.319	47.709	70240.022	2058.167	186.055	2151.345	167.057	0.864	0.884	0.782	0.862	0.747	0.957	0.043	0.898	0.720	3.6440555398458381E18	0.313	0.000	8232.667	Accept	Reject	Reject	Reject	Reject	Reject	Reject	1.172	0.853	8605.379	1.159
217	257	51.063	52.771	50.030	53.453	52.647	49.522	69712.445	2047.848	165.785	2082.980	162.561	0.968	0.955	0.913	0.941	0.936	0.983	0.017	0.981	0.766	2.6352844077060445E18	0.226	0.000	8191.391	Accept	Reject	Reject	Reject	Reject	Reject	Reject	1.068	0.936	8331.920	1.063
262	272	51.042	57.597	50.523	54.529	52.864	49.339	69627.509	2046.184	180.947	2137.909	165.149	0.886	0.936	0.876	0.933	0.785	0.957	0.043	0.913	0.743	3.7884878779894157E18	0.303	0.000	8184.737	Accept	Reject	Reject	Reject	Reject	Reject	Reject	1.079	0.927	8551.636	1.071
222	262	50.895	53.143	48.213	55.135	53.655	48.291	69029.193	2034.445	166.953	2072.957	162.568	0.958	0.923	0.852	0.900	0.917	0.981	0.019	0.974	0.765	3.8062247863125427E18	0.236	0.000	8137.780	Accept	Reject	Reject	Reject	Reject	Reject	Reject	1.144	0.874	8291.828	1.111
170	241	50.779	57.659	49.180	54.646	54.089	47.888	68557.183	2025.160	181.142	2121.335	165.009	0.881	0.929	0.863	0.885	0.776	0.955	0.045	0.911	0.754	2.6352497128089667E18	0.302	0.000	8100.642	Accept	Reject	Reject	Reject	Reject	Reject	Reject	1.111	0.900	8485.341	1.129
195	246	50.624	59.559	51.036	53.627	52.190	49.172	67929.760	2012.786	187.110	2130.535	164.892	0.850	0.944	0.891	0.942	0.722	0.945	0.055	0.881	0.735	2.7796464446148589E18	0.293	0.000	8051.143	Accept	Reject	Reject	Reject	Reject	Reject	Reject	1.051	0.952	8522.140	1.061
102	213	50.502	51.786	49.449	53.073	52.221	48.867	67442.004	2003.139	162.691	2030.655	160.492	0.975	0.952	0.905	0.936	0.951	0.986	0.014	0.986	0.763	2.6352492222431661E18	0.216	0.000	8012.556	Accept	Reject	Reject	Reject	Reject	Reject	Reject	1.073	0.932	8122.618	1.069
202	246	50.052	54.387	49.545	53.193	51.633	48.814	65655.928	1967.615	170.862	2031.055	162.250	0.920	0.941	0.885	0.945	0.847	0.969	0.031	0.950	0.747	2.6352535526418534E18	0.261	0.000	7870.460	Accept	Reject	Reject	Reject	Reject	Reject	Reject	1.074	0.931	8124.220	1.058
165	240	49.557	51.672	44.198	56.112	55.453	44.299	63724.510	1928.835	162.332	1960.929	159.012	0.959	0.883	0.780	0.799	0.920	0.984	0.016	0.980	0.778	2.6352536213804666E18	0.267	0.000	7715.342	Accept	Reject	Reject	Reject	Reject	Reject	Reject	1.270	0.788	7843.718	1.252
74	204	49.307	56.896	44.808	56.466	55.634	43.796	62766.285	1909.451	178.745	2002.991	161.202	0.867	0.873	0.763	0.787	0.751	0.953	0.047	0.902	0.755	2.6352491630699334E18	0.281	0.000	7637.802	Accept	Reject	Reject	Reject	Reject	Reject	Reject	1.260	0.794	8011.962	1.270
75	205	49.144	53.974	47.730	53.116	51.712	46.826	62146.905	1896.868	169.563	1967.449	158.562	0.911	0.925	0.856	0.906	0.829	0.964	0.036	0.935	0.748	2.6352536213655168E18	0.244	0.000	7587.472	Accept	Reject	Reject	Reject	Reject	Reject	Reject	1.113	0.899	7869.794	1.104
285	291	49.069	58.007	42.336	64.886	60.510	40.326	61862.593	1891.078	182.235	2003.131	167.609	0.846	0.756	0.572	0.666	0.716	0.944	0.056	0.920	0.688	3.6440560207668038E18	0.305	0.000	7564.313	Accept	Reject	Reject	Reject	Reject	Reject	Reject	1.533	0.652	8012.526	1.501
111	213	48.728	56.533	43.676	60.421	57.111	41.652	60580.075	1864.850	177.605	1971.588	161.503	0.862	0.806	0.650	0.729	0.743	0.946	0.054	0.909	0.707	2.6358478494182794E18	0.304	0.000	7459.402	Accept	Reject	Reject	Reject	Reject	Reject	Reject	1.383	0.723	7886.353	1.371
83	206	48.574	73.079	34.235	80.784	79.049	31.169	60009.656	1853.126	229.584	2075.435	189.897	0.665	0.601	0.362	0.394	0.442	0.893	0.107	0.827	0.670	3.6618636532298733E18	0.339	0.000	7412.503	Accept	Reject	Reject	Reject	Reject	Reject	Reject	2.360	0.424	8301.741	2.536
166	240	48.534	55.075	44.987	54.274	53.063	44.436	59861.644	1850.077	173.025	1940.825	158.282	0.881	0.894	0.800	0.837	0.777	0.953	0.047	0.915	0.758	2.6352535095598259E18	0.309	0.000	7400.309	Accept	Reject	Reject	Reject	Reject	Reject	Reject	1.206	0.829	7763.300	1.194
206	247	48.223	49.300	47.663	49.268	48.622	47.819	58716.055	1826.398	154.881	1849.347	152.999	0.978	0.979	0.958	0.983	0.957	0.988	0.012	0.988	0.778	3.7881751345623354E18	0.203	0.000	7305.591	Accept	Reject	Reject	Reject	Reject	Reject	Reject	1.034	0.967	7397.389	1.017
221	261	48.146	49.217	47.102	50.215	49.200	47.179	58436.168	1820.589	154.619	1840.456	152.985	0.978	0.959	0.919	0.959	0.957	0.989	0.011	0.989	0.770	2.6352497129602272E18	0.217	0.000	7282.357	Accept	Reject	Reject	Reject	Reject	Reject	Reject	1.066	0.938	7361.825	1.043
235	266	48.086	51.004	45.246	54.161	51.338	45.548	58216.091	1816.015	160.233	1856.726	156.421	0.943	0.888	0.788	0.887	0.889	0.978	0.022	0.976	0.741	3.7882064019559411E18	0.216	0.000	7264.061	Accept	Reject	Reject	Reject	Reject	Reject	Reject	1.197	0.835	7426.904	1.127
230	263	47.935	59.437	39.102	65.358	65.615	37.669	57671.065	1804.663	186.726	1993.033	171.619	0.806	0.733	0.538	0.574	0.650	0.905	0.095	0.919	0.706	3.788205912312887E18	0.335	0.000	7218.652	Accept	Reject	Reject	Reject	Reject	Reject	Reject	1.671	0.598	7972.131	1.742
19	179	47.795	56.577	45.957	52.748	49.980	45.936	57166.712	1794.126	177.742	1905.571	156.598	0.845	0.906	0.821	0.919	0.714	0.942	0.058	0.881	0.740	3.6621012227819949E18	0.333	0.000	7176.504	Accept	Reject	Reject	Reject	Reject	Reject	Reject	1.148	0.871	7622.285	1.088
163	240	47.570	55.934	46.775	51.637	49.504	45.801	56362.408	1777.258	175.721	1886.279	155.382	0.850	0.921	0.849	0.925	0.723	0.942	0.058	0.884	0.736	2.6377522615567174E18	0.328	0.000	7109.032	Accept	Reject	Reject	Reject	Reject	Reject	Reject	1.104	0.906	7545.114	1.081
105	213	47.316	60.168	47.590	51.284	48.217	46.635	55467.015	1758.385	189.025	1890.386	155.862	0.786	0.923	0.851	0.967	0.618	0.930	0.070	0.825	0.720	3.6440560292392614E18	0.329	0.000	7033.540	Accept	Reject	Reject	Reject	Reject	Reject	Reject	1.078	0.928	7561.544	1.034
135	229	46.695	58.837	46.999	50.213	48.669	44.915	53310.061	1712.499	184.843	1853.070	153.788	0.794	0.930	0.865	0.923	0.630	0.924	0.076	0.832	0.726	3.6440560284004979E18	0.329	0.000	6849.995	Accept	Reject	Reject	Reject	Reject	Reject	Reject	1.068	0.936	7412.279	1.084
85	208	46.671	52.649	37.891	61.375	60.308	36.990	53226.392	1710.706	165.403	1787.068	158.825	0.886	0.760	0.578	0.613	0.786	0.957	0.043	0.960	0.736	2.6352492211691331E18	0.276	0.000	6842.826	Accept	Reject	Reject	Reject	Reject	Reject	Reject	1.620	0.617	7148.273	1.630
140	231	46.639	47.816	43.653	50.245	49.851	43.630	53118.254	1708.389	150.219	1729.231	148.526	0.975	0.928	0.862	0.875	0.951	0.988	0.012	0.989	0.779	2.635253560174823E18	0.225	0.000	6833.554	Accept	Reject	Reject	Reject	Reject	Reject	Reject	1.151	0.869	6916.924	1.143
273	285	46.398	56.836	47.254	50.819	46.879	46.027	52300.292	1690.805	178.556	1825.075	153.270	0.816	0.913	0.834	0.982	0.666	0.926	0.074	0.858	0.704	2.6352496441230397E18	0.320	0.000	6763.221	Accept	Reject	Reject	Reject	Reject	Reject	Reject	1.075	0.930	7300.299	1.019
243	271	46.314	48.265	41.977	49.855	50.116	42.985	52015.867	1684.669	151.628	1718.039	149.077	0.960	0.929	0.863	0.858	0.921	0.981	0.019	0.983	0.805	2.6352535603132688E18	0.265	0.000	6738.678	Accept	Reject	Reject	Reject	Reject	Reject	Reject	1.188	0.842	6872.156	1.166
39	193	45.798	55.157	43.985	51.304	47.907	43.954	50296.509	1647.338	173.281	1746.065	150.429	0.830	0.893	0.797	0.917	0.689	0.943	0.057	0.868	0.730	2.7613857480703155E18	0.346	0.000	6589.352	Accept	Reject	Reject	Reject	Reject	Reject	Reject	1.166	0.857	6984.262	1.090
115	218	45.113	48.146	42.686	50.251	48.602	42.006	48073.449	1598.433	151.255	1640.498	145.703	0.937	0.898	0.806	0.864	0.878	0.974	0.026	0.963	0.745	2.6352844075715645E18	0.249	0.000	6393.730	Accept	Reject	Reject	Reject	Reject	Reject	Reject	1.177	0.849	6561.991	1.157
6	160	44.429	48.946	40.174	52.217	51.076	38.939	45920.263	1550.340	153.767	1610.724	145.902	0.908	0.851	0.724	0.762	0.824	0.963	0.037	0.949	0.739	3.7907403125381069E18	0.280	0.000	6201.361	Accept	Reject	Reject	Reject	Reject	Reject	Reject	1.300	0.769	6442.895	1.312
190	246	43.580	50.493	37.699	54.160	51.112	37.309	43336.388	1491.624	158.628	1568.219	145.674	0.863	0.805	0.647	0.730	0.745	0.951	0.049	0.918	0.731	3.6440555311402694E18	0.334	0.000	5966.495	Accept	Reject	Reject	Reject	Reject	Reject	Reject	1.437	0.696	6272.876	1.370
41	193	43.341	52.713	42.851	54.715	51.417	39.218	42628.098	1475.326	165.603	1679.622	151.814	0.822	0.792	0.627	0.763	0.676	0.878	0.122	0.917	0.629	2.637791922509503E18	0.275	0.000	5901.305	Accept	Reject	Reject	Reject	Reject	Reject	Reject	1.277	0.783	6718.489	1.311
173	245	43.291	50.221	37.072	53.937	51.946	36.202	42480.832	1471.927	157.774	1551.293	144.352	0.862	0.803	0.644	0.697	0.743	0.949	0.051	0.915	0.736	3.7862009539187328E18	0.319	0.000	5887.706	Accept	Reject	Reject	Reject	Reject	Reject	Reject	1.455	0.687	6205.172	1.435
150	237	43.077	50.005	39.352	51.224	48.882	38.081	41853.415	1457.398	157.096	1535.371	141.926	0.861	0.841	0.707	0.779	0.742	0.949	0.051	0.903	0.723	3.6601000944414048E18	0.313	0.000	5829.590	Accept	Reject	Reject	Reject	Reject	Reject	Reject	1.302	0.768	6141.485	1.284
52	199	42.517	49.620	42.029	46.064	43.744	41.426	40241.473	1419.733	155.886	1507.877	138.872	0.857	0.923	0.852	0.947	0.734	0.942	0.058	0.891	0.733	2.6532641114865158E18	0.342	0.000	5678.932	Accept	Reject	Reject	Reject	Reject	Reject	Reject	1.096	0.912	6031.507	1.056
302	447	42.237	48.095	35.327	53.658	52.937	33.807	39451.761	1401.098	151.095	1457.400	141.580	0.878	0.787	0.620	0.639	0.771	0.961	0.039	0.937	0.739	2.6352497216862182E18	0.293	0.000	5604.390	Accept	Reject	Reject	Reject	Reject	Reject	Reject	1.519	0.658	5829.600	1.566
106	213	41.721	47.516	41.202	47.237	43.406	40.186	38023.377	1367.072	149.276	1439.134	137.117	0.878	0.883	0.780	0.926	0.771	0.950	0.050	0.919	0.702	2.7796508427952726E18	0.300	0.000	5468.286	Accept	Reject	Reject	Reject	Reject	Reject	Reject	1.146	0.872	5756.536	1.080
144	234	41.346	43.648	39.293	46.241	44.417	38.658	37007.265	1342.607	137.123	1372.121	133.205	0.947	0.894	0.799	0.870	0.897	0.978	0.022	0.971	0.739	2.7794000855442579E18	0.241	0.000	5370.426	Accept	Reject	Reject	Reject	Reject	Reject	Reject	1.177	0.850	5488.484	1.149
42	194	41.155	42.219	39.453	44.256	43.158	39.382	36497.292	1330.244	132.635	1346.454	131.243	0.975	0.930	0.865	0.913	0.950	0.988	0.012	0.990	0.762	2.6352491621306717E18	0.221	0.000	5320.975	Accept	Reject	Reject	Reject	Reject	Reject	Reject	1.122	0.891	5385.816	1.096
259	272	39.889	48.080	36.524	49.173	46.977	34.051	33231.787	1249.664	151.047	1347.843	133.598	0.830	0.811	0.658	0.725	0.688	0.927	0.073	0.884	0.696	3.646348039849888E18	0.332	0.000	4998.656	Accept	Reject	Reject	Reject	Reject	Reject	Reject	1.346	0.743	5391.371	1.380
189	246	39.748	42.055	34.693	47.811	46.837	34.285	32881.342	1240.863	132.118	1256.168	130.713	0.945	0.831	0.691	0.732	0.893	0.988	0.012	0.989	0.748	3.6440560285538208E18	0.225	0.000	4963.452	Accept	Reject	Reject	Reject	Reject	Reject	Reject	1.378	0.726	5024.670	1.366
210	249	37.685	44.720	32.569	47.444	45.844	31.202	28022.532	1115.396	140.492	1197.302	127.185	0.843	0.794	0.631	0.681	0.710	0.932	0.068	0.905	0.722	2.6372641548980499E18	0.359	0.000	4461.584	Accept	Reject	Reject	Reject	Reject	Reject	Reject	1.457	0.686	4789.206	1.469
255	272	37.643	38.245	34.908	40.604	40.297	35.165	27928.846	1112.909	120.150	1120.206	119.605	0.984	0.927	0.859	0.873	0.969	0.993	0.007	0.995	0.785	2.6352497118883498E18	0.221	0.000	4451.634	Accept	Reject	Reject	Reject	Reject	Reject	Reject	1.163	0.860	4480.825	1.146
161	240	37.310	38.064	36.921	38.327	37.595	37.035	27193.144	1093.278	119.580	1106.454	118.654	0.980	0.973	0.948	0.985	0.961	0.988	0.012	0.992	0.773	2.6352497730897699E18	0.247	0.000	4373.110	Accept	Reject	Reject	Reject	Reject	Reject	Reject	1.038	0.963	4425.815	1.015
14	175	35.491	41.468	35.363	38.461	36.898	34.188	23407.130	989.288	130.277	1059.019	116.824	0.856	0.923	0.852	0.927	0.732	0.934	0.066	0.897	0.727	3.7726902303474502E18	0.373	0.000	3957.153	Accept	Reject	Reject	Reject	Reject	Reject	Reject	1.088	0.919	4236.077	1.079
288	297	35.436	38.111	33.800	39.460	38.825	32.454	23299.116	986.243	119.729	1019.944	115.043	0.930	0.898	0.806	0.836	0.865	0.967	0.033	0.961	0.739	2.6354999871470166E18	0.272	0.000	3944.971	Accept	Reject	Reject	Reject	Reject	Reject	Reject	1.167	0.857	4079.774	1.196
183	246	34.497	40.720	33.114	39.024	37.523	31.786	21494.392	934.633	127.927	1005.522	114.138	0.847	0.884	0.781	0.847	0.718	0.930	0.070	0.892	0.723	2.6352888821392493E18	0.349	0.000	3738.530	Accept	Reject	Reject	Reject	Reject	Reject	Reject	1.178	0.849	4022.087	1.181
215	256	34.409	36.931	31.516	39.010	38.223	30.979	21331.857	929.915	116.021	957.595	111.596	0.932	0.882	0.778	0.810	0.868	0.971	0.029	0.962	0.756	2.7636374953044077E18	0.274	0.000	3719.660	Accept	Reject	Reject	Reject	Reject	Reject	Reject	1.238	0.808	3830.379	1.234
303	475	24.911	28.529	22.836	29.570	28.499	21.917	8094.009	487.379	89.626	520.995	83.066	0.873	0.842	0.710	0.769	0.762	0.935	0.065	0.927	0.722	3.6624273668992442E18	0.379	0.000	1949.515	Accept	Reject	Reject	Reject	Reject	Reject	Reject	1.295	0.772	2083.980	1.300
219	257	24.870	26.640	24.892	26.742	25.404	24.377	8053.858	485.766	83.693	509.806	81.025	0.934	0.930	0.865	0.960	0.871	0.953	0.047	0.968	0.730	2.6355357331050234E18	0.347	0.000	1943.062	Accept	Reject	Reject	Reject	Reject	Reject	Reject	1.074	0.931	2039.223	1.042
138	231	20.710	22.225	19.089	23.454	22.449	19.162	4651.208	336.874	69.821	350.096	67.644	0.932	0.883	0.780	0.854	0.868	0.962	0.038	0.969	0.752	2.653555010968153E18	0.368	0.000	1347.497	Accept	Reject	Reject	Reject	Reject	Reject	Reject	1.229	0.814	1400.383	1.172
242	271	15.180	17.382	14.848	17.728	16.486	14.224	1831.502	180.979	54.608	198.909	51.400	0.873	0.856	0.733	0.863	0.763	0.910	0.090	0.941	0.688	2.6375417933135462E18	0.397	0.000	723.917	Accept	Reject	Reject	Reject	Reject	Reject	Reject	1.194	0.838	795.634	1.159
207	248	10.939	11.523	10.380	12.628	11.488	10.395	685.342	93.979	36.202	96.653	35.875	0.949	0.866	0.750	0.905	0.901	0.972	0.028	0.991	0.717	2.7822596611369862E18	0.385	0.000	375.915	Accept	Reject	Reject	Reject	Reject	Reject	Reject	1.217	0.822	386.613	1.105
