Id	Img Id	Da	Dp	FWidth	FLength	ELength	EWidth	Volume	Area	Perimeter	CHull  Area	CHull Perimeter	Sphericity	Compactness	Roundness	Ellipse Ratio	Circularity	Solidity	Concavity	Convexity	Extent	hash	Transparency	Curvature	Surface Area	Filter0	Filter1	Filter2	Filter3	Filter4	Filter5	Filter6	L/W Ratio	W/L Aspect Ratio	CHull Surface Area	Ellipticity	Fiber Length	Fiber Width
 	 	µm	µm	µm	µm	µm	µm	µm³	µm²	µm	µm²	µm	 	 	 	 	 	 	 	 	 	 	 	 	µm²	 	 	 	 	 	 	 	 	 	µm²	 	µm	µm
68	320	122.762	145.019	122.713	145.928	137.220	116.988	968709.930	11836.409	455.591	12668.265	422.270	0.847	0.841	0.708	0.853	0.717	0.934	0.066	0.927	0.661	3.64602579583118285E18	0.259	0.000	47345.635	Accept	Reject	Reject	Reject	Reject	Reject	Reject	1.189	0.841	50673.060	1.173	143.824	82.298
116	370	107.417	142.438	109.688	123.240	114.467	105.792	648958.184	9062.234	447.483	9602.987	363.794	0.754	0.872	0.760	0.924	0.569	0.944	0.056	0.813	0.670	2.65132836086724352E18	0.242	0.000	36248.937	Accept	Reject	Reject	Reject	Reject	Reject	Reject	1.124	0.890	38411.949	1.082	168.740	53.705
92	346	110.975	145.422	106.843	121.155	115.200	108.267	715615.786	9672.618	456.857	10234.174	366.184	0.763	0.916	0.839	0.940	0.582	0.945	0.055	0.802	0.747	3.66203903164269466E18	0.298	0.000	38690.474	Accept	Reject	Reject	Reject	Reject	Reject	Reject	1.134	0.882	40936.697	1.064	170.196	56.832
54	300	118.437	145.725	106.540	156.515	155.962	100.055	869892.132	11017.111	457.809	12532.360	426.281	0.813	0.757	0.573	0.642	0.661	0.879	0.121	0.931	0.661	2.65354997561722266E18	0.216	0.000	44068.445	Accept	Reject	Reject	Reject	Reject	Reject	Reject	1.469	0.681	50129.440	1.559	157.413	69.989
106	360	115.164	149.916	98.131	160.663	164.922	88.726	799748.054	10416.606	470.976	11947.252	422.864	0.768	0.717	0.514	0.538	0.590	0.872	0.128	0.898	0.661	2.63524922222635571E18	0.226	0.000	41666.426	Accept	Reject	Reject	Reject	Reject	Reject	Reject	1.637	0.611	47789.007	1.859	174.347	59.746
109	362	118.268	144.091	96.009	152.982	154.562	94.165	866167.896	10985.644	452.677	11696.080	409.823	0.821	0.773	0.598	0.609	0.674	0.939	0.061	0.905	0.748	2.76163142663963955E18	0.234	0.000	43942.574	Accept	Reject	Reject	Reject	Reject	Reject	Reject	1.593	0.628	46784.319	1.641	152.863	71.866
123	374	94.563	119.632	94.195	119.212	110.889	86.112	442750.501	7023.122	375.834	7563.795	330.070	0.790	0.793	0.629	0.777	0.625	0.929	0.071	0.878	0.625	3.91653259446672794E18	0.238	0.000	28092.487	Accept	Reject	Reject	Reject	Reject	Reject	Reject	1.266	0.790	30255.180	1.288	134.098	52.373
85	340	103.105	127.424	93.650	129.002	123.075	87.831	573905.712	8349.321	400.314	8836.583	348.316	0.809	0.799	0.639	0.714	0.655	0.945	0.055	0.870	0.691	3.93707601786527949E18	0.261	0.000	33397.283	Accept	Reject	Reject	Reject	Reject	Reject	Reject	1.377	0.726	35346.333	1.401	138.108	60.455
74	329	91.162	124.782	93.496	109.442	103.970	91.262	396680.008	6527.061	392.014	7365.848	324.922	0.731	0.833	0.694	0.878	0.534	0.886	0.114	0.829	0.638	2.77940008433206682E18	0.288	0.000	26108.244	Accept	Reject	Reject	Reject	Reject	Reject	Reject	1.171	0.854	29463.392	1.139	151.432	43.102
44	271	116.991	150.806	92.492	153.842	150.669	93.168	838411.946	10749.686	473.771	11453.394	403.476	0.776	0.760	0.578	0.618	0.602	0.939	0.061	0.852	0.755	3.7859237469286697E18	0.251	0.000	42998.742	Accept	Reject	Reject	Reject	Reject	Reject	Reject	1.663	0.601	45813.575	1.617	173.556	61.938
102	357	92.731	125.416	91.855	105.390	95.966	90.249	417514.390	6753.648	394.004	7199.148	306.332	0.739	0.880	0.774	0.940	0.547	0.938	0.062	0.777	0.698	3.78591886571140813E18	0.288	0.000	27014.591	Accept	Reject	Reject	Reject	Reject	Reject	Reject	1.147	0.872	28796.593	1.063	150.988	44.730
19	196	116.352	154.590	90.174	173.403	166.702	84.154	824744.490	10632.541	485.659	11784.346	424.246	0.753	0.671	0.450	0.505	0.566	0.902	0.098	0.874	0.680	2.63556698217494221E18	0.279	0.000	42530.164	Accept	Reject	Reject	Reject	Reject	Reject	Reject	1.923	0.520	47137.383	1.981	183.472	57.952
133	383	101.338	118.846	89.346	124.834	119.394	87.922	544901.606	8065.591	373.367	8538.043	341.345	0.853	0.812	0.659	0.736	0.727	0.945	0.055	0.914	0.723	2.63725026454989312E18	0.233	0.000	32262.363	Accept	Reject	Reject	Reject	Reject	Reject	Reject	1.397	0.716	34152.173	1.358	114.812	70.251
34	233	119.690	196.966	89.005	207.946	217.857	73.590	897774.879	11251.293	618.787	13862.683	491.663	0.608	0.576	0.331	0.338	0.369	0.812	0.188	0.795	0.608	5.06744425864136499E18	0.309	0.000	45005.172	Accept	Reject	Reject	Reject	Reject	Reject	Reject	2.336	0.428	55450.730	2.960	265.746	42.338
48	288	98.683	121.074	88.736	142.122	128.366	79.469	503188.451	7648.529	380.365	8560.242	355.064	0.815	0.694	0.482	0.619	0.664	0.893	0.107	0.933	0.606	3.78820640207547853E18	0.212	0.000	30594.116	Accept	Reject	Reject	Reject	Reject	Reject	Reject	1.602	0.624	34240.969	1.615	129.904	58.878
21	202	95.379	123.666	87.664	120.207	120.707	78.397	454320.830	7144.951	388.507	7856.956	329.166	0.771	0.793	0.630	0.649	0.595	0.909	0.091	0.847	0.678	3.8290208845171031E18	0.271	0.000	28579.803	Accept	Reject	Reject	Reject	Reject	Reject	Reject	1.371	0.729	31427.823	1.540	142.838	50.021
83	337	99.807	114.503	86.736	126.654	123.696	82.504	520570.564	7823.670	359.720	8275.237	339.782	0.872	0.788	0.621	0.667	0.760	0.945	0.055	0.945	0.712	2.65555116546734797E18	0.236	0.000	31294.681	Accept	Reject	Reject	Reject	Reject	Reject	Reject	1.460	0.685	33100.948	1.499	99.190	78.875
145	392	91.365	115.634	85.875	124.269	114.261	80.880	399341.352	6556.222	363.274	7395.234	329.547	0.790	0.735	0.541	0.708	0.624	0.887	0.113	0.907	0.614	3.78816632974092851E18	0.237	0.000	26224.887	Accept	Reject	Reject	Reject	Reject	Reject	Reject	1.447	0.691	29580.936	1.413	129.647	50.570
86	340	101.722	138.352	85.667	136.004	131.607	81.818	551118.803	8126.826	434.644	8683.705	357.194	0.735	0.748	0.559	0.622	0.541	0.936	0.064	0.822	0.698	3.66266919919123098E18	0.288	0.000	32507.304	Accept	Reject	Reject	Reject	Reject	Reject	Reject	1.588	0.630	34734.819	1.609	167.308	48.574
135	384	106.084	144.223	85.285	159.529	150.912	83.681	625099.111	8838.734	453.089	9789.593	400.795	0.736	0.665	0.442	0.555	0.541	0.903	0.097	0.885	0.650	2.77770683641031219E18	0.266	0.000	35354.935	Accept	Reject	Reject	Reject	Reject	Reject	Reject	1.871	0.535	39158.370	1.803	174.464	50.662
70	326	87.557	96.940	82.943	93.997	92.762	82.782	351453.748	6021.013	304.546	6186.844	281.468	0.903	0.931	0.868	0.892	0.816	0.973	0.027	0.924	0.772	3.78616961583609958E18	0.243	0.000	24084.054	Accept	Reject	Reject	Reject	Reject	Reject	Reject	1.133	0.882	24747.375	1.121	0.000	0.000
154	433	115.156	177.187	82.915	193.021	189.620	75.575	799570.961	10415.069	556.651	12302.281	453.592	0.650	0.597	0.356	0.399	0.422	0.847	0.153	0.815	0.651	4.09276253316512E18	0.297	0.000	41660.275	Accept	Reject	Reject	Reject	Reject	Reject	Reject	2.328	0.430	49209.125	2.509	232.264	44.841
46	283	82.514	102.315	81.486	108.871	95.348	78.333	294162.373	5347.477	321.432	6050.275	293.625	0.806	0.758	0.574	0.822	0.650	0.884	0.116	0.913	0.603	2.63753683565842995E18	0.262	0.000	21389.907	Accept	Reject	Reject	Reject	Reject	Reject	Reject	1.336	0.748	24201.099	1.217	110.967	48.190
25	212	93.870	133.330	81.324	133.964	130.465	71.016	433086.779	6920.552	418.870	7888.218	342.410	0.704	0.701	0.491	0.544	0.496	0.877	0.123	0.817	0.635	3.91430615106595328E18	0.303	0.000	27682.209	Accept	Reject	Reject	Reject	Reject	Reject	Reject	1.647	0.607	31552.874	1.837	166.540	41.555
141	389	108.726	141.234	81.294	160.033	163.661	75.752	672971.050	9284.426	443.700	10161.104	395.323	0.770	0.679	0.462	0.463	0.593	0.914	0.086	0.891	0.714	2.63528434636617933E18	0.255	0.000	37137.702	Accept	Reject	Reject	Reject	Reject	Reject	Reject	1.969	0.508	40644.415	2.160	163.575	56.759
143	391	92.814	110.934	80.658	118.358	122.286	74.394	418643.852	6765.823	348.511	7464.522	325.704	0.837	0.784	0.615	0.608	0.700	0.906	0.094	0.935	0.709	2.63725528338911846E18	0.207	0.000	27063.292	Accept	Reject	Reject	Reject	Reject	Reject	Reject	1.467	0.681	29858.088	1.644	112.769	59.997
95	351	104.818	125.855	79.887	146.900	144.020	76.888	602983.607	8629.013	395.386	8910.565	361.976	0.833	0.714	0.509	0.534	0.694	0.968	0.032	0.916	0.735	2.63524922210866125E18	0.269	0.000	34516.051	Accept	Reject	Reject	Reject	Reject	Reject	Reject	1.839	0.544	35642.259	1.873	129.303	66.735
91	345	83.226	105.509	79.817	93.954	87.226	80.459	301839.344	5440.115	331.466	5812.600	276.226	0.789	0.886	0.785	0.922	0.622	0.936	0.064	0.833	0.725	5.0694760891527424E18	0.324	0.000	21760.458	Accept	Reject	Reject	Reject	Reject	Reject	Reject	1.177	0.850	23250.401	1.084	118.080	46.071
17	185	87.971	95.990	79.721	104.227	103.490	75.353	356466.549	6078.130	301.562	6318.241	288.801	0.916	0.844	0.712	0.728	0.840	0.962	0.038	0.958	0.732	3.644055469918336E18	0.220	0.000	24312.520	Accept	Reject	Reject	Reject	Reject	Reject	Reject	1.307	0.765	25272.964	1.373	0.000	0.000
111	365	78.167	89.837	78.013	88.872	85.324	73.765	250072.298	4798.821	282.231	5110.055	260.593	0.870	0.880	0.774	0.865	0.757	0.939	0.061	0.923	0.692	2.76363754685843251E18	0.235	0.000	19195.283	Accept	Reject	Reject	Reject	Reject	Reject	Reject	1.139	0.878	20440.221	1.157	76.955	62.359
105	360	93.491	142.710	77.738	162.384	150.983	68.029	427871.923	6864.886	448.335	8623.893	381.707	0.655	0.576	0.331	0.451	0.429	0.796	0.204	0.851	0.544	2.76392280123615334E18	0.268	0.000	27459.545	Accept	Reject	Reject	Reject	Reject	Reject	Reject	2.089	0.479	34495.573	2.219	185.960	36.916
134	383	87.788	112.560	77.710	117.322	111.263	72.591	354244.128	6052.841	353.619	6537.697	305.074	0.780	0.748	0.560	0.652	0.608	0.926	0.074	0.863	0.664	3.77015626057499955E18	0.267	0.000	24211.364	Accept	Reject	Reject	Reject	Reject	Reject	Reject	1.510	0.662	26150.787	1.533	127.971	47.299
58	301	71.117	113.040	77.612	97.771	96.377	78.006	188328.132	3972.229	355.125	5266.263	278.487	0.629	0.727	0.529	0.809	0.396	0.754	0.246	0.784	0.523	2.63528880561806643E18	0.247	0.000	15888.914	Accept	Reject	Reject	Reject	Reject	Reject	Reject	1.260	0.794	21065.053	1.236	149.940	26.492
124	374	99.873	146.220	76.239	166.554	173.712	64.630	521607.663	7834.057	459.363	9809.663	397.335	0.683	0.600	0.360	0.372	0.467	0.799	0.201	0.865	0.617	2.63729426449338931E18	0.320	0.000	31336.229	Accept	Reject	Reject	Reject	Reject	Reject	Reject	2.185	0.458	39238.650	2.688	186.311	42.048
23	207	82.603	96.728	76.159	107.856	102.379	69.607	295108.113	5358.932	303.879	5810.496	287.087	0.854	0.766	0.587	0.680	0.729	0.922	0.078	0.945	0.652	2.6352536988429993E18	0.197	0.000	21435.728	Accept	Reject	Reject	Reject	Reject	Reject	Reject	1.416	0.706	23241.986	1.471	92.784	57.757
120	372	82.375	91.128	75.660	92.132	90.598	74.937	292677.742	5329.469	286.287	5479.046	265.102	0.904	0.894	0.799	0.827	0.817	0.973	0.027	0.926	0.765	2.63524922212336998E18	0.234	0.000	21317.877	Accept	Reject	Reject	Reject	Reject	Reject	Reject	1.218	0.821	21916.183	1.209	0.000	0.000
53	297	87.286	135.455	75.426	163.664	158.744	68.681	348198.756	5983.780	425.544	8159.678	391.566	0.644	0.533	0.284	0.433	0.415	0.733	0.267	0.920	0.485	2.77736330762896384E18	0.242	0.000	23935.119	Accept	Reject	Reject	Reject	Reject	Reject	Reject	2.170	0.461	32638.714	2.311	177.944	33.627
130	380	81.410	94.306	74.714	89.514	87.729	76.544	282510.039	5205.312	296.271	5418.741	266.394	0.863	0.909	0.827	0.873	0.745	0.961	0.039	0.899	0.778	2.77936874823599923E18	0.242	0.000	20821.247	Accept	Reject	Reject	Reject	Reject	Reject	Reject	1.198	0.835	21674.963	1.146	85.035	61.214
11	170	107.314	146.996	74.194	171.021	168.513	72.154	647094.288	9044.874	461.802	9604.535	407.940	0.730	0.627	0.394	0.428	0.533	0.942	0.058	0.883	0.713	3.79074470305138534E18	0.236	0.000	36179.494	Accept	Reject	Reject	Reject	Reject	Reject	Reject	2.305	0.434	38418.140	2.335	179.139	50.491
59	305	103.856	151.279	73.755	184.562	187.716	62.427	586538.398	8471.399	475.258	10100.530	426.693	0.687	0.563	0.317	0.333	0.471	0.839	0.161	0.898	0.622	3.79071336696999373E18	0.251	0.000	33885.594	Accept	Reject	Reject	Reject	Reject	Reject	Reject	2.502	0.400	40402.118	3.007	192.297	44.054
16	183	84.362	104.167	73.566	123.169	112.979	65.928	314373.396	5589.694	327.251	6214.255	303.780	0.810	0.685	0.469	0.584	0.656	0.899	0.101	0.928	0.617	2.79766092056744499E18	0.232	0.000	22358.775	Accept	Reject	Reject	Reject	Reject	Reject	Reject	1.674	0.597	24857.020	1.714	112.462	49.703
119	371	71.966	94.610	71.943	87.415	80.935	69.798	195152.069	4067.613	297.225	4640.872	254.639	0.761	0.823	0.678	0.862	0.579	0.876	0.124	0.857	0.647	3.81101473986522112E18	0.246	0.000	16270.451	Accept	Reject	Reject	Reject	Reject	Reject	Reject	1.215	0.823	18563.487	1.160	110.527	36.802
49	288	78.055	101.203	71.376	107.359	102.364	65.814	248997.004	4785.054	317.938	5645.821	288.336	0.771	0.727	0.529	0.643	0.595	0.848	0.152	0.907	0.624	2.63556700058220237E18	0.240	0.000	19140.217	Accept	Reject	Reject	Reject	Reject	Reject	Reject	1.504	0.665	22583.285	1.555	116.581	41.045
61	310	72.259	118.088	71.369	112.947	108.888	66.947	197546.093	4100.811	370.985	5731.339	301.300	0.612	0.640	0.409	0.615	0.374	0.716	0.284	0.812	0.509	2.63529375368676608E18	0.349	0.000	16403.245	Accept	Reject	Reject	Reject	Reject	Reject	Reject	1.583	0.632	22925.356	1.626	158.393	25.890
38	252	80.971	102.869	71.279	112.493	113.599	62.004	277959.050	5149.258	323.172	5789.172	297.832	0.787	0.720	0.518	0.546	0.620	0.889	0.111	0.922	0.642	2.78161669210621286E18	0.238	0.000	20597.033	Accept	Reject	Reject	Reject	Reject	Reject	Reject	1.578	0.634	23156.689	1.832	115.580	44.552
132	383	82.623	96.258	71.111	100.917	98.921	69.351	295321.615	5361.516	302.402	5566.799	273.115	0.858	0.819	0.670	0.701	0.737	0.963	0.037	0.903	0.747	3.78820200268229581E18	0.256	0.000	21446.066	Accept	Reject	Reject	Reject	Reject	Reject	Reject	1.419	0.705	22267.194	1.426	89.212	60.098
76	333	83.897	105.809	70.809	109.563	105.733	68.859	309203.684	5528.244	332.410	5923.931	291.005	0.793	0.766	0.586	0.651	0.629	0.933	0.067	0.875	0.713	5.08996666542818714E18	0.272	0.000	22112.977	Accept	Reject	Reject	Reject	Reject	Reject	Reject	1.547	0.646	23695.726	1.536	117.589	47.013
152	415	91.493	122.195	70.092	130.820	133.868	64.508	401018.583	6574.567	383.887	7410.639	332.882	0.749	0.699	0.489	0.482	0.561	0.887	0.113	0.867	0.717	3.93461357338906726E18	0.307	0.000	26298.268	Accept	Reject	Reject	Reject	Reject	Reject	Reject	1.866	0.536	29642.558	2.075	145.282	45.254
41	267	97.636	133.947	69.570	160.374	155.365	67.327	487343.425	7487.110	420.806	8455.865	386.653	0.729	0.609	0.371	0.433	0.531	0.885	0.115	0.919	0.671	2.65362538076902912E18	0.240	0.000	29948.439	Accept	Reject	Reject	Reject	Reject	Reject	Reject	2.305	0.434	33823.460	2.308	163.238	45.866
57	300	77.368	101.232	69.087	94.458	90.496	67.127	242484.210	4701.247	318.030	5047.082	260.800	0.764	0.819	0.671	0.742	0.584	0.931	0.069	0.820	0.720	2.65298653617413888E18	0.287	0.000	18804.990	Accept	Reject	Reject	Reject	Reject	Reject	Reject	1.367	0.731	20188.326	1.348	117.662	39.956
3	147	80.671	91.088	68.830	95.229	96.084	68.532	274880.876	5111.171	286.161	5331.189	268.212	0.886	0.847	0.718	0.713	0.784	0.959	0.041	0.937	0.780	2.77937369712647834E18	0.265	0.000	20444.686	Accept	Reject	Reject	Reject	Reject	Reject	Reject	1.384	0.723	21324.757	1.402	0.000	0.000
47	283	89.279	117.772	68.696	147.047	132.099	63.676	372600.625	6260.175	369.991	6770.674	339.575	0.758	0.607	0.369	0.482	0.575	0.925	0.075	0.918	0.620	3.66010401049081549E18	0.243	0.000	25040.701	Accept	Reject	Reject	Reject	Reject	Reject	Reject	2.141	0.467	27082.695	2.075	138.429	45.223
87	342	72.485	82.834	68.570	91.039	84.650	64.163	199411.414	4126.585	260.230	4463.891	248.492	0.875	0.796	0.634	0.758	0.766	0.924	0.076	0.955	0.661	2.63557082927689165E18	0.221	0.000	16506.340	Accept	Reject	Reject	Reject	Reject	Reject	Reject	1.328	0.753	17855.566	1.319	0.000	0.000
156	554	68.047	88.049	68.508	77.901	73.704	64.704	164981.144	3636.752	276.615	3900.737	229.827	0.773	0.874	0.763	0.878	0.597	0.932	0.068	0.831	0.681	2.63747518566876979E18	0.299	0.000	14547.007	Accept	Reject	Reject	Reject	Reject	Reject	Reject	1.137	0.879	15602.947	1.139	100.728	36.105
67	320	79.443	91.272	68.353	94.892	93.859	68.639	262517.761	4956.745	286.740	5148.412	266.265	0.870	0.837	0.701	0.731	0.758	0.963	0.037	0.929	0.764	3.78817505713099264E18	0.260	0.000	19826.980	Accept	Reject	Reject	Reject	Reject	Reject	Reject	1.388	0.720	20593.647	1.367	76.339	64.931
24	212	74.504	96.562	68.230	103.721	100.177	60.301	216543.684	4359.678	303.359	5160.911	272.533	0.772	0.718	0.516	0.602	0.595	0.845	0.155	0.898	0.616	3.79045380355271168E18	0.208	0.000	17438.713	Accept	Reject	Reject	Reject	Reject	Reject	Reject	1.520	0.658	20643.644	1.661	111.303	39.169
75	332	74.502	85.583	68.057	89.545	89.819	63.957	216525.040	4359.429	268.868	4617.189	250.067	0.871	0.832	0.692	0.712	0.758	0.944	0.056	0.930	0.715	3.64433757209448499E18	0.264	0.000	17437.715	Accept	Reject	Reject	Reject	Reject	Reject	Reject	1.316	0.760	18468.754	1.404	70.198	62.102
155	461	69.675	81.417	67.981	76.584	73.971	65.725	177104.926	3812.805	255.779	3974.451	225.897	0.856	0.910	0.828	0.889	0.732	0.959	0.041	0.883	0.732	3.66207042585059021E18	0.289	0.000	15251.218	Accept	Reject	Reject	Reject	Reject	Reject	Reject	1.127	0.888	15897.805	1.125	75.859	50.261
117	370	75.437	100.216	67.779	110.823	102.018	61.952	224778.005	4469.511	314.837	5309.539	281.307	0.753	0.681	0.463	0.607	0.567	0.842	0.158	0.894	0.595	2.63524916095573402E18	0.257	0.000	17878.043	Accept	Reject	Reject	Reject	Reject	Reject	Reject	1.635	0.612	21238.156	1.647	118.244	37.799
42	267	77.293	91.378	67.653	93.920	95.048	64.011	241776.793	4692.100	287.073	5086.607	262.787	0.846	0.823	0.677	0.673	0.715	0.922	0.078	0.915	0.738	2.63524915338894285E18	0.285	0.000	18768.398	Accept	Reject	Reject	Reject	Reject	Reject	Reject	1.388	0.720	20346.427	1.485	89.254	52.570
112	367	81.728	93.068	67.342	97.234	98.199	68.945	285834.407	5246.067	292.380	5512.600	273.811	0.878	0.841	0.706	0.702	0.771	0.952	0.048	0.936	0.801	2.63722394621478195E18	0.230	0.000	20984.268	Accept	Reject	Reject	Reject	Reject	Reject	Reject	1.444	0.693	22050.399	1.424	0.000	0.000
104	360	83.262	101.598	67.322	110.492	106.751	67.222	302226.022	5444.760	319.179	5819.738	289.337	0.820	0.754	0.568	0.630	0.672	0.936	0.064	0.907	0.732	3.79042246653179648E18	0.266	0.000	21779.040	Accept	Reject	Reject	Reject	Reject	Reject	Reject	1.641	0.609	23278.952	1.588	107.256	50.764
14	181	72.128	85.561	67.224	94.298	88.509	62.395	196473.293	4085.951	268.799	4454.162	251.455	0.843	0.765	0.585	0.705	0.711	0.917	0.083	0.935	0.645	2.65104700532783718E18	0.242	0.000	16343.804	Accept	Reject	Reject	Reject	Reject	Reject	Reject	1.403	0.713	17816.646	1.419	84.018	48.632
9	168	86.300	104.475	67.200	121.076	121.493	62.869	336536.389	5849.411	328.218	6433.233	308.970	0.826	0.713	0.508	0.517	0.682	0.909	0.091	0.941	0.719	2.63528049056115712E18	0.238	0.000	23397.645	Accept	Reject	Reject	Reject	Reject	Reject	Reject	1.802	0.555	25732.931	1.932	108.848	53.739
114	368	67.775	114.010	67.113	94.566	89.770	61.487	163005.285	3607.657	358.174	4731.534	254.362	0.594	0.717	0.514	0.685	0.353	0.762	0.238	0.710	0.568	3.8061499408720297E18	0.347	0.000	14430.629	Accept	Reject	Reject	Reject	Reject	Reject	Reject	1.409	0.710	18926.136	1.460	154.529	23.346
150	408	72.436	93.454	67.026	99.901	86.963	65.688	199005.051	4120.977	293.596	4523.173	262.002	0.775	0.725	0.526	0.755	0.601	0.911	0.089	0.892	0.615	3.64631236494195046E18	0.280	0.000	16483.909	Accept	Reject	Reject	Reject	Reject	Reject	Reject	1.490	0.671	18092.692	1.324	106.740	38.608
79	335	82.357	101.216	66.820	109.011	104.120	67.203	292482.821	5327.103	317.978	5746.431	287.060	0.814	0.755	0.571	0.645	0.662	0.927	0.073	0.903	0.731	3.93260751563244083E18	0.250	0.000	21308.411	Accept	Reject	Reject	Reject	Reject	Reject	Reject	1.631	0.613	22985.725	1.549	108.292	49.192
137	387	68.414	81.893	66.347	83.514	78.884	61.546	167660.073	3676.014	257.275	3895.881	231.676	0.835	0.819	0.671	0.780	0.698	0.944	0.056	0.900	0.663	2.63556581501574912E18	0.291	0.000	14704.057	Accept	Reject	Reject	Reject	Reject	Reject	Reject	1.259	0.794	15583.524	1.282	82.546	44.533
110	364	69.238	80.511	66.332	80.903	75.609	67.423	173790.763	3765.089	252.932	4055.375	237.135	0.860	0.856	0.732	0.892	0.740	0.928	0.072	0.938	0.702	2.79548436967180032E18	0.269	0.000	15060.358	Accept	Reject	Reject	Reject	Reject	Reject	Reject	1.220	0.820	16221.499	1.121	73.292	51.371
140	388	71.588	90.117	66.312	82.968	78.683	65.845	192097.054	4025.050	283.111	4273.927	237.426	0.794	0.863	0.744	0.837	0.631	0.942	0.058	0.839	0.732	3.64627263523528397E18	0.286	0.000	16100.200	Accept	Reject	Reject	Reject	Reject	Reject	Reject	1.251	0.799	17095.707	1.195	99.548	40.433
39	265	83.243	109.479	66.262	111.377	109.899	63.899	302023.072	5442.322	343.937	5779.352	287.091	0.760	0.747	0.559	0.581	0.578	0.942	0.058	0.835	0.737	2.63524922318295654E18	0.295	0.000	21769.287	Accept	Reject	Reject	Reject	Reject	Reject	Reject	1.681	0.595	23117.408	1.720	128.063	42.497
151	408	86.127	139.377	66.239	141.435	158.349	57.646	334516.344	5825.980	437.865	8049.737	358.580	0.618	0.609	0.371	0.364	0.382	0.724	0.276	0.819	0.622	2.63525321644557261E18	0.359	0.000	23303.920	Accept	Reject	Reject	Reject	Reject	Reject	Reject	2.135	0.468	32198.947	2.747	186.368	31.261
40	266	78.652	92.698	66.081	102.354	97.881	64.872	254758.658	4858.588	291.219	5109.743	268.601	0.848	0.768	0.590	0.663	0.720	0.951	0.049	0.922	0.718	3.6621056821660073E18	0.236	0.000	19434.351	Accept	Reject	Reject	Reject	Reject	Reject	Reject	1.549	0.646	20438.973	1.509	89.748	54.136
138	388	82.037	111.912	65.860	113.188	113.335	61.656	289088.806	5285.812	351.581	5948.989	294.148	0.733	0.725	0.525	0.544	0.537	0.889	0.111	0.837	0.709	3.66041181351845222E18	0.283	0.000	21143.246	Accept	Reject	Reject	Reject	Reject	Reject	Reject	1.719	0.582	23795.955	1.838	135.365	39.048
71	327	65.851	74.001	65.597	68.862	66.563	65.208	149513.074	3405.730	232.480	3534.128	211.976	0.890	0.956	0.914	0.980	0.792	0.964	0.036	0.912	0.754	2.63524963564818995E18	0.287	0.000	13622.921	Accept	Reject	Reject	Reject	Reject	Reject	Reject	1.050	0.953	14136.514	1.021	0.000	0.000
13	178	123.877	184.384	64.932	254.368	266.651	60.218	995349.219	12052.426	579.260	13438.563	556.851	0.672	0.487	0.237	0.226	0.451	0.897	0.103	0.961	0.730	2.63524985055230618E18	0.209	0.000	48209.704	Accept	Reject	Reject	Reject	Reject	Reject	Reject	3.917	0.255	53754.251	4.428	237.812	50.681
20	198	80.658	104.062	64.606	122.362	114.972	59.804	274748.298	5109.529	326.920	5899.219	300.656	0.775	0.659	0.435	0.520	0.601	0.866	0.134	0.920	0.646	2.63550040268480205E18	0.242	0.000	20438.114	Accept	Reject	Reject	Reject	Reject	Reject	Reject	1.894	0.528	23596.877	1.922	119.198	42.866
88	343	76.712	91.510	63.822	102.320	98.074	64.474	236368.106	4621.860	287.488	5000.991	272.968	0.838	0.750	0.562	0.657	0.703	0.924	0.076	0.949	0.708	2.63725473145039411E18	0.223	0.000	18487.439	Accept	Reject	Reject	Reject	Reject	Reject	Reject	1.603	0.624	20003.965	1.521	91.788	50.354
149	404	63.937	74.039	63.130	74.754	73.390	59.371	136855.494	3210.695	232.601	3517.563	218.880	0.864	0.855	0.732	0.809	0.746	0.913	0.087	0.941	0.680	2.63553557723985613E18	0.238	0.000	12842.778	Accept	Reject	Reject	Reject	Reject	Reject	Reject	1.184	0.845	14070.254	1.236	65.917	48.708
63	316	97.974	134.325	62.832	175.352	180.153	56.074	492412.076	7538.934	421.994	8196.016	398.022	0.729	0.559	0.312	0.311	0.532	0.920	0.080	0.943	0.684	3.78817120896009165E18	0.232	0.000	30155.735	Accept	Reject	Reject	Reject	Reject	Reject	Reject	2.791	0.358	32784.063	3.213	163.658	46.065
64	318	62.666	76.887	62.730	67.951	64.629	61.032	128852.813	3084.277	241.547	3271.548	205.431	0.815	0.922	0.851	0.944	0.664	0.943	0.057	0.850	0.724	3.78845221150744781E18	0.288	0.000	12337.108	Accept	Reject	Reject	Reject	Reject	Reject	Reject	1.083	0.923	13086.190	1.059	81.133	38.015
115	369	62.747	81.026	62.248	76.613	65.807	62.498	129352.253	3092.242	254.550	3399.902	216.962	0.774	0.819	0.671	0.950	0.600	0.910	0.090	0.852	0.648	3.66179279916509901E18	0.292	0.000	12368.967	Accept	Reject	Reject	Reject	Reject	Reject	Reject	1.231	0.813	13599.606	1.053	92.245	33.522
66	319	75.374	92.225	62.134	101.234	102.570	57.325	224214.766	4462.042	289.734	4728.636	264.236	0.817	0.745	0.554	0.559	0.668	0.944	0.056	0.912	0.709	2.63525308006541875E18	0.277	0.000	17848.168	Accept	Reject	Reject	Reject	Reject	Reject	Reject	1.629	0.614	18914.543	1.789	97.554	45.739
98	354	70.827	89.415	61.808	82.560	84.910	60.582	186031.810	3939.874	280.905	4344.451	240.631	0.792	0.858	0.736	0.713	0.627	0.907	0.093	0.857	0.772	3.78842189735773542E18	0.297	0.000	15759.494	Accept	Reject	Reject	Reject	Reject	Reject	Reject	1.336	0.749	17377.803	1.402	99.108	39.753
136	384	80.730	109.585	61.772	121.984	115.051	58.367	275491.693	5118.741	344.270	5586.960	295.625	0.737	0.662	0.438	0.507	0.543	0.916	0.084	0.859	0.679	2.6355274019398144E18	0.301	0.000	20474.965	Accept	Reject	Reject	Reject	Reject	Reject	Reject	1.975	0.506	22347.840	1.971	131.982	38.784
31	222	66.513	77.597	61.458	78.917	76.285	59.756	154068.306	3474.558	243.780	3669.701	226.121	0.857	0.843	0.710	0.783	0.735	0.947	0.053	0.928	0.716	2.65326362090338867E18	0.253	0.000	13898.234	Accept	Reject	Reject	Reject	Reject	Reject	Reject	1.284	0.779	14678.803	1.277	71.561	48.554
77	334	66.074	85.999	61.057	92.363	84.921	57.624	151038.735	3428.860	270.175	3839.480	240.297	0.768	0.715	0.512	0.679	0.590	0.893	0.107	0.889	0.608	2.63553559470972774E18	0.301	0.000	13715.439	Accept	Reject	Reject	Reject	Reject	Reject	Reject	1.513	0.661	15357.920	1.474	98.892	34.673
35	234	76.111	93.575	60.787	101.344	107.694	56.759	230858.608	4549.757	293.976	5099.955	273.883	0.813	0.751	0.564	0.527	0.662	0.892	0.108	0.932	0.739	2.63528935549132544E18	0.265	0.000	18199.028	Accept	Reject	Reject	Reject	Reject	Reject	Reject	1.667	0.600	20399.822	1.897	100.110	45.448
5	152	67.375	77.578	60.480	77.128	73.381	62.570	160134.836	3565.179	243.719	3713.247	221.592	0.868	0.874	0.763	0.853	0.754	0.960	0.040	0.909	0.764	3.77491062602892646E18	0.268	0.000	14260.717	Accept	Reject	Reject	Reject	Reject	Reject	Reject	1.275	0.784	14852.988	1.173	64.504	55.270
33	232	83.171	96.896	60.080	110.681	114.452	61.150	301238.977	5432.898	304.408	5680.407	287.652	0.858	0.751	0.565	0.534	0.737	0.956	0.044	0.945	0.817	3.78842149495830784E18	0.268	0.000	21731.593	Accept	Reject	Reject	Reject	Reject	Reject	Reject	1.842	0.543	22721.628	1.872	90.264	60.189
108	362	66.089	77.106	60.031	85.748	82.935	54.039	151139.361	3430.382	242.236	3675.548	226.273	0.857	0.771	0.594	0.652	0.735	0.933	0.067	0.934	0.666	3.93457785768523981E18	0.229	0.000	13721.528	Accept	Reject	Reject	Reject	Reject	Reject	Reject	1.428	0.700	14702.192	1.535	71.373	48.063
60	306	87.661	125.201	59.950	133.308	136.895	57.273	352712.676	6035.383	393.331	6549.965	324.467	0.700	0.658	0.432	0.418	0.490	0.921	0.079	0.825	0.755	2.63524922939025971E18	0.293	0.000	24141.533	Accept	Reject	Reject	Reject	Reject	Reject	Reject	2.224	0.450	26199.860	2.390	156.797	38.492
144	391	78.052	111.154	59.929	119.572	127.067	53.854	248970.836	4784.719	349.200	5733.795	303.831	0.702	0.653	0.426	0.424	0.493	0.834	0.166	0.870	0.668	2.65358577980707328E18	0.261	0.000	19138.876	Accept	Reject	Reject	Reject	Reject	Reject	Reject	1.995	0.501	22935.178	2.359	138.892	34.449
22	204	64.001	76.605	59.678	75.621	71.239	60.941	137266.590	3217.120	240.662	3468.832	220.962	0.835	0.846	0.716	0.855	0.698	0.927	0.073	0.918	0.713	3.78591947667440947E18	0.288	0.000	12868.482	Accept	Reject	Reject	Reject	Reject	Reject	Reject	1.267	0.789	13875.327	1.169	76.963	41.801
26	213	76.122	105.409	59.526	112.445	111.910	56.522	230958.148	4551.065	331.151	5179.051	287.023	0.722	0.677	0.458	0.505	0.522	0.879	0.121	0.867	0.680	2.6352541111427584E18	0.278	0.000	18204.259	Accept	Reject	Reject	Reject	Reject	Reject	Reject	1.889	0.529	20716.205	1.980	128.990	35.282
148	395	62.785	77.856	59.379	79.194	74.383	56.711	129587.347	3095.987	244.593	3333.088	220.024	0.806	0.793	0.629	0.762	0.650	0.929	0.071	0.900	0.658	3.91431165706276966E18	0.313	0.000	12383.950	Accept	Reject	Reject	Reject	Reject	Reject	Reject	1.334	0.750	13332.352	1.312	83.805	36.943
28	217	56.780	69.843	59.144	65.291	62.503	56.848	95846.945	2532.074	219.417	2864.529	199.215	0.813	0.870	0.756	0.910	0.661	0.884	0.116	0.908	0.656	3.78817066662220442E18	0.301	0.000	10128.294	Accept	Reject	Reject	Reject	Reject	Reject	Reject	1.104	0.906	11458.115	1.099	73.845	34.289
118	370	66.469	83.322	59.133	89.203	84.818	56.208	153766.655	3470.022	261.763	3777.976	234.239	0.798	0.745	0.555	0.663	0.636	0.918	0.082	0.895	0.658	3.77240813581930701E18	0.277	0.000	13880.089	Accept	Reject	Reject	Reject	Reject	Reject	Reject	1.509	0.663	15111.905	1.509	91.349	37.986
81	337	64.686	78.575	58.989	73.093	69.315	60.748	141718.833	3286.315	246.849	3446.132	211.962	0.823	0.885	0.783	0.876	0.678	0.954	0.046	0.859	0.762	3.64405553006416026E18	0.276	0.000	13145.259	Accept	Reject	Reject	Reject	Reject	Reject	Reject	1.239	0.807	13784.527	1.141	81.649	40.249
69	325	84.153	107.890	58.787	132.956	133.862	55.206	312040.574	5562.006	338.947	6139.357	318.772	0.780	0.633	0.401	0.412	0.608	0.906	0.094	0.940	0.712	2.78221475664056422E18	0.250	0.000	22248.026	Accept	Reject	Reject	Reject	Reject	Reject	Reject	2.262	0.442	24557.428	2.425	122.741	45.315
131	381	83.549	113.421	58.707	132.498	136.490	55.094	305368.187	5482.432	356.323	6060.232	319.076	0.737	0.631	0.398	0.404	0.543	0.905	0.095	0.895	0.705	3.8042506129331799E18	0.262	0.000	21929.730	Accept	Reject	Reject	Reject	Reject	Reject	Reject	2.257	0.443	24240.928	2.477	136.724	40.099
96	354	74.261	98.689	57.856	106.862	112.321	56.015	214424.033	4331.182	310.039	5101.521	277.650	0.752	0.695	0.483	0.499	0.566	0.849	0.151	0.896	0.701	2.77972177096132454E18	0.308	0.000	17324.729	Accept	Reject	Reject	Reject	Reject	Reject	Reject	1.847	0.541	20406.082	2.005	116.452	37.193
29	219	77.588	135.123	57.111	136.812	137.955	48.877	244561.683	4728.061	424.503	5633.011	320.986	0.574	0.567	0.322	0.354	0.330	0.839	0.161	0.756	0.605	3.77041189718135296E18	0.346	0.000	18912.245	Accept	Reject	Reject	Reject	Reject	Reject	Reject	2.396	0.417	22532.046	2.822	185.578	25.477
80	335	75.392	96.858	57.034	103.511	102.498	58.018	224377.838	4464.204	304.287	4917.994	269.631	0.778	0.728	0.530	0.566	0.606	0.908	0.092	0.886	0.756	2.63524922319762842E18	0.300	0.000	17856.818	Accept	Reject	Reject	Reject	Reject	Reject	Reject	1.815	0.551	19671.975	1.767	110.114	40.542
90	345	65.127	76.518	56.462	80.678	78.364	54.354	144639.501	3331.313	240.388	3472.137	215.848	0.851	0.807	0.652	0.694	0.724	0.959	0.041	0.898	0.731	3.7881712778474112E18	0.287	0.000	13325.252	Accept	Reject	Reject	Reject	Reject	Reject	Reject	1.429	0.700	13888.547	1.442	72.384	46.023
107	360	74.697	108.853	56.386	143.133	131.140	46.465	218224.025	4382.203	341.973	5016.044	321.338	0.686	0.522	0.272	0.354	0.471	0.874	0.126	0.940	0.543	3.80907967791770624E18	0.245	0.000	17528.811	Accept	Reject	Reject	Reject	Reject	Reject	Reject	2.538	0.394	20064.177	2.822	138.093	31.734
89	345	66.311	98.013	56.049	93.150	90.423	50.185	152670.026	3453.504	307.917	3865.577	237.573	0.677	0.712	0.507	0.555	0.458	0.893	0.107	0.772	0.661	5.06743050907796378E18	0.341	0.000	13814.016	Accept	Reject	Reject	Reject	Reject	Reject	Reject	1.662	0.602	15462.306	1.802	125.118	27.602
50	291	99.968	172.041	55.910	196.264	203.118	51.525	523089.167	7848.885	540.481	8831.753	439.867	0.581	0.509	0.259	0.254	0.338	0.889	0.111	0.814	0.715	2.65323270652174336E18	0.320	0.000	31395.540	Accept	Reject	Reject	Reject	Reject	Reject	Reject	3.510	0.285	35327.014	3.942	235.762	33.292
139	388	72.453	85.230	55.652	95.455	98.518	55.045	199146.690	4122.932	267.758	4397.651	252.627	0.850	0.759	0.576	0.559	0.723	0.938	0.062	0.943	0.776	3.9348592619310464E18	0.233	0.000	16491.730	Accept	Reject	Reject	Reject	Reject	Reject	Reject	1.715	0.583	17590.603	1.790	81.923	50.327
52	296	67.038	82.068	55.481	96.869	91.685	50.691	157748.342	3529.669	257.825	3772.621	238.692	0.817	0.692	0.479	0.553	0.667	0.936	0.064	0.926	0.657	2.65330816079034214E18	0.274	0.000	14118.677	Accept	Reject	Reject	Reject	Reject	Reject	Reject	1.746	0.573	15090.482	1.809	86.298	40.901
153	422	66.813	95.580	55.363	95.630	97.592	48.972	156165.994	3506.026	300.274	4026.966	247.397	0.699	0.699	0.488	0.502	0.489	0.871	0.129	0.824	0.662	2.63778298882626099E18	0.312	0.000	14024.103	Accept	Reject	Reject	Reject	Reject	Reject	Reject	1.727	0.579	16107.863	1.993	119.502	29.339
36	247	77.843	104.323	55.329	123.385	130.974	50.073	246975.643	4759.123	327.739	5527.611	301.520	0.746	0.631	0.398	0.382	0.557	0.861	0.139	0.920	0.697	2.63549607134247066E18	0.242	0.000	19036.490	Accept	Reject	Reject	Reject	Reject	Reject	Reject	2.230	0.448	22110.445	2.616	124.222	38.311
142	390	76.325	97.055	55.101	121.785	122.879	49.826	232804.662	4575.290	304.908	4985.316	292.005	0.786	0.627	0.393	0.405	0.618	0.918	0.082	0.958	0.682	3.64409513101166438E18	0.217	0.000	18301.159	Accept	Reject	Reject	Reject	Reject	Reject	Reject	2.210	0.452	19941.263	2.466	109.346	41.842
62	315	61.991	81.140	54.865	77.307	72.610	53.495	124735.030	3018.212	254.910	3256.052	210.762	0.764	0.802	0.643	0.737	0.584	0.927	0.073	0.827	0.712	3.8084765161984343E18	0.284	0.000	12072.848	Accept	Reject	Reject	Reject	Reject	Reject	Reject	1.409	0.710	13024.206	1.357	94.099	32.075
101	357	56.413	63.536	54.674	65.652	62.303	52.946	94002.230	2499.480	199.605	2635.617	190.029	0.888	0.859	0.738	0.850	0.788	0.948	0.052	0.952	0.696	2.63524970542908826E18	0.241	0.000	9997.918	Accept	Reject	Reject	Reject	Reject	Reject	Reject	1.201	0.833	10542.468	1.177	0.000	0.000
45	282	64.838	82.308	54.474	94.173	90.800	50.207	142719.627	3301.769	258.580	3535.099	237.903	0.788	0.688	0.474	0.553	0.621	0.934	0.066	0.920	0.644	2.94181506384568474E18	0.282	0.000	13207.074	Accept	Reject	Reject	Reject	Reject	Reject	Reject	1.729	0.578	14140.395	1.809	91.931	35.916
146	393	60.362	73.780	54.470	75.357	71.091	51.938	115159.353	2861.697	231.786	3040.520	204.169	0.818	0.801	0.642	0.731	0.669	0.941	0.059	0.881	0.697	3.64433694489505126E18	0.290	0.000	11446.787	Accept	Reject	Reject	Reject	Reject	Reject	Reject	1.383	0.723	12162.079	1.369	77.351	36.996
93	347	71.621	85.608	54.323	100.056	100.750	52.525	192365.761	4028.802	268.946	4332.864	253.531	0.837	0.716	0.512	0.521	0.700	0.930	0.070	0.943	0.741	3.7878892442207616E18	0.254	0.000	16115.209	Accept	Reject	Reject	Reject	Reject	Reject	Reject	1.842	0.543	17331.455	1.918	86.055	46.817
78	334	58.924	83.129	54.223	74.547	73.715	51.426	107120.152	2726.915	261.156	3243.529	213.249	0.709	0.790	0.625	0.698	0.502	0.841	0.159	0.817	0.675	3.78817072671550362E18	0.374	0.000	10907.660	Accept	Reject	Reject	Reject	Reject	Reject	Reject	1.375	0.727	12974.117	1.433	102.634	26.569
37	252	67.415	87.387	53.988	88.978	87.825	53.319	160424.011	3569.470	274.535	3851.939	236.837	0.771	0.758	0.574	0.607	0.595	0.927	0.073	0.863	0.743	5.10836865898527334E18	0.325	0.000	14277.879	Accept	Reject	Reject	Reject	Reject	Reject	Reject	1.648	0.607	15407.754	1.647	100.233	35.612
4	149	75.183	105.027	53.960	116.043	120.329	51.157	222514.885	4439.461	329.951	5069.105	283.813	0.716	0.648	0.420	0.425	0.512	0.876	0.124	0.860	0.709	2.76134994308980019E18	0.287	0.000	17757.842	Accept	Reject	Reject	Reject	Reject	Reject	Reject	2.151	0.465	20276.420	2.352	129.256	34.346
94	349	71.067	91.307	53.640	96.940	101.022	52.901	187930.472	3966.636	286.850	4435.083	261.438	0.778	0.733	0.537	0.524	0.606	0.894	0.106	0.911	0.763	3.80625989429744179E18	0.270	0.000	15866.542	Accept	Reject	Reject	Reject	Reject	Reject	Reject	1.807	0.553	17740.332	1.910	103.633	38.276
82	337	61.162	83.470	53.637	78.449	76.884	49.713	119799.229	2938.056	262.228	3171.495	211.136	0.733	0.780	0.608	0.647	0.537	0.926	0.074	0.805	0.698	5.0651917907109376E18	0.290	0.000	11752.225	Accept	Reject	Reject	Reject	Reject	Reject	Reject	1.463	0.684	12685.981	1.547	100.679	29.182
18	187	71.006	87.939	53.174	109.692	112.482	46.936	187451.813	3959.897	276.268	4285.152	264.898	0.807	0.647	0.419	0.417	0.652	0.924	0.076	0.959	0.679	2.63524915446291763E18	0.222	0.000	15839.588	Accept	Reject	Reject	Reject	Reject	Reject	Reject	2.063	0.485	17140.606	2.397	95.400	41.508
122	372	69.012	91.586	51.948	101.143	102.524	48.332	172095.395	3740.563	287.725	4213.443	252.278	0.754	0.682	0.466	0.471	0.568	0.888	0.112	0.877	0.712	2.76163142680977971E18	0.319	0.000	14962.251	Accept	Reject	Reject	Reject	Reject	Reject	Reject	1.947	0.514	16853.772	2.121	107.510	34.793
113	368	74.328	136.000	51.892	145.685	144.045	41.850	215005.931	4339.015	427.258	5390.428	326.254	0.547	0.510	0.260	0.291	0.299	0.805	0.195	0.764	0.574	3.66235306371096832E18	0.390	0.000	17356.059	Accept	Reject	Reject	Reject	Reject	Reject	Reject	2.807	0.356	21561.710	3.442	189.598	22.885
7	166	69.048	85.517	50.987	98.340	97.917	51.024	172365.479	3744.475	268.660	4057.565	247.804	0.807	0.702	0.493	0.521	0.652	0.923	0.077	0.922	0.747	5.06719467153462272E18	0.256	0.000	14977.901	Accept	Reject	Reject	Reject	Reject	Reject	Reject	1.929	0.518	16230.261	1.919	92.109	40.653
147	395	62.534	74.612	50.847	86.182	82.477	47.831	128041.913	3071.324	234.400	3226.450	215.236	0.838	0.726	0.527	0.580	0.702	0.952	0.048	0.918	0.701	2.63553132554372557E18	0.282	0.000	12285.294	Accept	Reject	Reject	Reject	Reject	Reject	Reject	1.695	0.590	12905.799	1.724	73.910	41.555
72	328	58.819	84.662	50.178	79.445	76.979	46.083	106548.494	2717.205	265.973	3013.957	209.382	0.695	0.740	0.548	0.599	0.483	0.902	0.098	0.787	0.682	3.80418883315021619E18	0.332	0.000	10868.818	Accept	Reject	Reject	Reject	Reject	Reject	Reject	1.583	0.632	12055.826	1.670	106.011	25.631
56	300	57.633	72.126	49.808	76.882	70.161	49.482	100231.776	2608.722	226.589	2891.865	202.503	0.799	0.750	0.562	0.705	0.638	0.902	0.098	0.894	0.681	2.63750151168313139E18	0.251	0.000	10434.887	Accept	Reject	Reject	Reject	Reject	Reject	Reject	1.544	0.648	11567.461	1.418	78.661	33.164
55	300	70.805	104.360	49.496	120.640	116.509	46.519	185863.777	3937.501	327.857	4490.650	280.198	0.678	0.587	0.344	0.399	0.460	0.877	0.123	0.855	0.659	3.77019647130241229E18	0.298	0.000	15750.004	Accept	Reject	Reject	Reject	Reject	Reject	Reject	2.437	0.410	17962.601	2.505	133.062	29.592
10	169	61.016	81.994	48.852	90.859	93.733	42.337	118939.890	2923.990	257.591	3462.237	228.761	0.744	0.672	0.451	0.452	0.554	0.845	0.155	0.888	0.659	3.77046969022816E18	0.304	0.000	11695.959	Accept	Reject	Reject	Reject	Reject	Reject	Reject	1.860	0.538	13848.946	2.214	97.431	30.011
65	318	55.862	83.976	48.479	88.321	81.237	42.246	91274.545	2450.891	263.817	2984.449	215.847	0.665	0.632	0.400	0.520	0.443	0.821	0.179	0.818	0.572	3.78820530457714842E18	0.301	0.000	9803.562	Accept	Reject	Reject	Reject	Reject	Reject	Reject	1.822	0.549	11937.797	1.923	107.985	22.697
125	378	47.944	58.842	48.081	53.774	50.582	46.855	57704.955	1805.370	184.857	2000.675	162.282	0.815	0.892	0.795	0.926	0.664	0.902	0.098	0.878	0.698	3.6623876864590935E18	0.308	0.000	7221.479	Accept	Reject	Reject	Reject	Reject	Reject	Reject	1.118	0.894	8002.700	1.080	61.493	29.359
8	167	55.098	76.216	47.081	74.499	73.111	43.215	87578.307	2384.268	239.439	2630.867	197.816	0.723	0.740	0.547	0.591	0.523	0.906	0.094	0.826	0.680	5.08781499848410931E18	0.329	0.000	9537.074	Accept	Reject	Reject	Reject	Reject	Reject	Reject	1.582	0.632	10523.468	1.692	92.638	25.738
30	221	50.391	72.922	46.918	70.718	61.526	43.232	66999.002	1994.357	229.090	2223.699	182.817	0.691	0.713	0.508	0.703	0.478	0.897	0.103	0.798	0.601	2.80221345073187072E18	0.394	0.000	7977.430	Accept	Reject	Reject	Reject	Reject	Reject	Reject	1.507	0.663	8894.796	1.423	91.325	21.838
43	268	59.616	83.160	46.682	85.305	83.638	43.434	110937.943	2791.328	261.255	3078.784	213.721	0.717	0.699	0.488	0.519	0.514	0.907	0.093	0.818	0.701	5.06691538576193434E18	0.339	0.000	11165.312	Accept	Reject	Reject	Reject	Reject	Reject	Reject	1.827	0.547	12315.135	1.926	101.861	27.403
2	134	53.116	64.836	45.549	72.198	69.963	42.668	78462.811	2215.814	203.687	2452.022	188.931	0.819	0.736	0.541	0.610	0.671	0.904	0.096	0.928	0.674	2.63553565592769536E18	0.302	0.000	8863.257	Accept	Reject	Reject	Reject	Reject	Reject	Reject	1.585	0.631	9808.089	1.640	67.418	32.867
1	108	49.456	58.119	43.979	58.226	55.403	44.930	63336.666	1921.001	182.587	2047.044	165.509	0.851	0.849	0.721	0.811	0.724	0.938	0.062	0.906	0.750	2.76360126267246336E18	0.289	0.000	7684.004	Accept	Reject	Reject	Reject	Reject	Reject	Reject	1.324	0.755	8188.176	1.233	54.141	35.481
6	163	45.464	59.944	43.238	53.968	49.944	41.576	49203.868	1623.393	188.321	1784.373	152.899	0.758	0.842	0.710	0.832	0.575	0.910	0.090	0.812	0.696	5.06722436476968755E18	0.350	0.000	6493.572	Accept	Reject	Reject	Reject	Reject	Reject	Reject	1.248	0.801	7137.491	1.201	69.364	23.404
97	354	55.457	70.693	43.167	84.510	82.676	39.005	89305.632	2415.517	222.088	2654.765	204.308	0.784	0.656	0.431	0.472	0.615	0.910	0.090	0.920	0.662	2.63557523834603366E18	0.293	0.000	9662.067	Accept	Reject	Reject	Reject	Reject	Reject	Reject	1.958	0.511	10619.060	2.120	79.100	30.538
103	358	66.237	104.911	42.883	130.143	141.840	36.280	152158.405	3445.785	329.587	4563.383	296.554	0.631	0.509	0.259	0.256	0.399	0.755	0.245	0.900	0.617	2.63553069708326195E18	0.284	0.000	13783.138	Accept	Reject	Reject	Reject	Reject	Reject	Reject	3.035	0.330	18253.531	3.910	138.734	24.837
128	379	52.287	70.433	42.302	73.008	69.901	40.158	74848.975	2147.244	221.273	2330.156	185.055	0.742	0.716	0.513	0.575	0.551	0.922	0.078	0.836	0.695	2.63556581500293581E18	0.338	0.000	8588.975	Accept	Reject	Reject	Reject	Reject	Reject	Reject	1.726	0.579	9320.622	1.741	83.480	25.722
121	372	55.207	81.228	41.486	88.618	90.289	36.214	88101.024	2393.746	255.184	2941.194	220.078	0.680	0.623	0.388	0.401	0.462	0.814	0.186	0.862	0.651	2.65133342164767795E18	0.316	0.000	9574.985	Accept	Reject	Reject	Reject	Reject	Reject	Reject	2.136	0.468	11764.777	2.493	103.062	23.226
84	337	47.376	63.335	41.449	66.367	64.426	36.977	55678.326	1762.848	198.974	1998.658	174.242	0.748	0.714	0.510	0.574	0.560	0.882	0.118	0.876	0.641	3.66468356370033664E18	0.314	0.000	7051.392	Accept	Reject	Reject	Reject	Reject	Reject	Reject	1.601	0.625	7994.633	1.742	74.289	23.730
127	379	51.668	78.550	40.387	81.293	87.438	36.576	72220.901	2096.683	246.771	2656.851	206.431	0.658	0.636	0.404	0.418	0.433	0.789	0.211	0.837	0.639	2.65189206712321894E18	0.349	0.000	8386.731	Accept	Reject	Reject	Reject	Reject	Reject	Reject	2.013	0.497	10627.404	2.391	101.516	20.654
99	356	52.754	61.907	40.031	66.332	67.927	41.566	76871.793	2185.758	194.485	2291.361	180.787	0.852	0.795	0.633	0.612	0.726	0.954	0.046	0.930	0.823	3.77241251871812608E18	0.274	0.000	8743.033	Accept	Reject	Reject	Reject	Reject	Reject	Reject	1.657	0.603	9165.445	1.634	57.588	37.955
73	329	52.933	66.163	39.802	81.390	76.477	38.498	77655.232	2200.584	207.857	2392.683	195.761	0.800	0.650	0.423	0.503	0.640	0.920	0.080	0.942	0.679	2.6352491642635049E18	0.274	0.000	8802.336	Accept	Reject	Reject	Reject	Reject	Reject	Reject	2.045	0.489	9570.734	1.987	71.793	30.652
27	216	50.779	71.936	39.437	73.390	70.931	36.768	68557.545	2025.167	225.994	2239.404	182.026	0.706	0.692	0.479	0.518	0.498	0.904	0.096	0.805	0.700	3.64409071577715149E18	0.336	0.000	8100.670	Accept	Reject	Reject	Reject	Reject	Reject	Reject	1.861	0.537	8957.618	1.929	88.978	22.760
126	379	66.131	89.206	39.389	111.038	118.229	38.294	151432.756	3434.820	280.248	3687.140	261.086	0.741	0.596	0.355	0.324	0.550	0.932	0.068	0.932	0.785	2.63524916199592141E18	0.314	0.000	13739.281	Accept	Reject	Reject	Reject	Reject	Reject	Reject	2.819	0.355	14748.561	3.087	106.387	32.286
129	380	52.353	76.066	38.474	81.275	77.994	35.689	75130.255	2152.620	238.967	2366.924	193.161	0.688	0.644	0.415	0.458	0.474	0.909	0.091	0.808	0.688	3.77241302764265779E18	0.335	0.000	8610.480	Accept	Reject	Reject	Reject	Reject	Reject	Reject	2.112	0.473	9467.695	2.185	95.711	22.491
100	356	44.162	56.066	38.133	59.652	55.513	35.599	45096.608	1531.746	176.135	1659.068	152.460	0.788	0.740	0.548	0.641	0.620	0.923	0.077	0.866	0.673	3.64634245531236966E18	0.325	0.000	6126.984	Accept	Reject	Reject	Reject	Reject	Reject	Reject	1.564	0.639	6636.273	1.559	61.996	24.707
12	170	62.540	105.232	36.203	120.090	128.795	32.694	128079.583	3071.926	330.596	3686.837	271.890	0.594	0.521	0.271	0.254	0.353	0.833	0.167	0.822	0.707	3.64405602949305754E18	0.376	0.000	12287.703	Accept	Reject	Reject	Reject	Reject	Reject	Reject	3.317	0.301	14747.350	3.939	142.576	21.546
51	292	20.605	23.849	20.066	24.190	21.908	19.511	4580.343	333.444	74.923	362.496	68.970	0.864	0.852	0.726	0.891	0.746	0.920	0.080	0.921	0.687	2.65552093655268864E18	0.373	0.000	1333.776	Accept	Reject	Reject	Reject	Reject	Reject	Reject	1.206	0.829	1449.984	1.123	0.000	0.000
32	228	25.113	32.013	16.543	40.866	38.685	16.447	8293.072	495.337	100.573	529.794	94.802	0.784	0.615	0.378	0.425	0.615	0.935	0.065	0.943	0.733	2.6353246270069376E18	0.320	0.000	1981.349	Accept	Reject	Reject	Reject	Reject	Reject	Reject	2.470	0.405	2119.175	2.352	34.218	14.476
15	182	17.104	19.897	14.248	22.427	20.631	14.212	2620.167	229.779	62.509	244.706	58.562	0.860	0.763	0.582	0.689	0.739	0.939	0.061	0.937	0.719	5.07233999311676518E18	0.376	0.000	919.116	Accept	Reject	Reject	Reject	Reject	Reject	Reject	1.574	0.635	978.822	1.452	0.000	0.000
