Id	Img Id	Da	Dp	FWidth	FLength	ELength	EWidth	Volume	Area	Perimeter	CHull  Area	CHull Perimeter	Sphericity	Compactness	Roundness	Ellipse Ratio	Circularity	Solidity	Concavity	Convexity	Extent	hash	Transparency	Curvature	Surface Area	Filter0	Filter1	Filter2	Filter3	Filter4	Filter5	Filter6	L/W Ratio	W/L Aspect Ratio	CHull Surface Area	Ellipticity
 	 	µm	µm	µm	µm	µm	µm	µm³	µm²	µm	µm²	µm	 	 	 	 	 	 	 	 	 	 	 	 	µm²	 	 	 	 	 	 	 	 	 	µm²	 
228	196	92.034	118.444	67.406	126.648	127.375	66.903	408172.449	6652.526	372.102	6968.740	319.954	0.777	0.727	0.528	0.525	0.604	0.955	0.045	0.860	0.779	3.7861656995997382E18	0.265	0.000	26610.103	Accept	Reject	Reject	Reject	Reject	Reject	Reject	1.879	0.532	27874.960	1.904
191	186	85.895	98.280	70.819	110.473	107.731	69.241	331814.969	5794.574	308.757	5965.246	288.290	0.874	0.778	0.605	0.643	0.764	0.971	0.029	0.934	0.741	2.635249153387079E18	0.230	0.000	23178.294	Accept	Reject	Reject	Reject	Reject	Reject	Reject	1.560	0.641	23860.984	1.556
297	229	85.894	97.582	70.322	118.154	110.998	67.372	331807.889	5794.490	306.562	6002.391	294.758	0.880	0.727	0.528	0.607	0.775	0.965	0.035	0.961	0.697	2.6530173311045984E18	0.188	0.000	23177.961	Accept	Reject	Reject	Reject	Reject	Reject	Reject	1.680	0.595	24009.563	1.648
239	199	84.850	91.409	73.863	101.011	99.267	73.340	319857.079	5654.508	287.169	5806.630	278.263	0.928	0.840	0.706	0.739	0.862	0.974	0.026	0.969	0.758	2.6352497042188013E18	0.205	0.000	22618.031	Accept	Reject	Reject	Reject	Reject	Reject	Reject	1.368	0.731	23226.518	1.354
157	179	83.809	95.951	65.466	111.691	111.963	65.021	308221.964	5516.537	301.440	5717.919	289.514	0.873	0.750	0.563	0.581	0.763	0.965	0.035	0.960	0.754	3.6440560908473658E18	0.240	0.000	22066.148	Accept	Reject	Reject	Reject	Reject	Reject	Reject	1.706	0.586	22871.675	1.722
180	184	83.536	92.030	70.516	104.557	102.873	68.739	305225.815	5480.729	289.122	5661.002	278.740	0.908	0.799	0.638	0.668	0.824	0.968	0.032	0.964	0.743	2.6352535515680742E18	0.218	0.000	21922.914	Accept	Reject	Reject	Reject	Reject	Reject	Reject	1.483	0.674	22644.009	1.497
186	186	82.242	91.960	70.897	100.928	99.057	71.721	291259.538	5312.238	288.900	5520.262	279.192	0.894	0.815	0.664	0.724	0.800	0.962	0.038	0.966	0.742	2.6375103766486851E18	0.200	0.000	21248.953	Accept	Reject	Reject	Reject	Reject	Reject	Reject	1.424	0.702	22081.047	1.381
99	168	81.902	100.621	62.664	109.946	108.036	62.193	287657.107	5268.345	316.109	5483.182	278.541	0.814	0.745	0.555	0.576	0.663	0.961	0.039	0.881	0.765	3.7881750646327686E18	0.261	0.000	21073.379	Accept	Reject	Reject	Reject	Reject	Reject	Reject	1.755	0.570	21932.727	1.737
140	176	81.896	107.146	67.296	103.403	101.772	66.710	287600.587	5267.655	336.608	5541.051	277.537	0.764	0.792	0.627	0.655	0.584	0.951	0.049	0.825	0.757	3.6620742666235174E18	0.263	0.000	21070.618	Accept	Reject	Reject	Reject	Reject	Reject	Reject	1.537	0.651	22164.203	1.526
252	202	81.460	89.134	69.152	100.420	99.882	67.189	283026.472	5211.653	280.023	5419.373	274.333	0.914	0.811	0.658	0.673	0.835	0.962	0.038	0.980	0.751	2.635249851472623E18	0.190	0.000	20846.613	Accept	Reject	Reject	Reject	Reject	Reject	Reject	1.452	0.689	21677.490	1.487
151	178	81.226	97.159	72.187	100.620	99.018	68.467	280600.360	5181.828	305.233	5415.868	273.650	0.836	0.807	0.652	0.691	0.699	0.957	0.043	0.897	0.713	2.6355311791954749E18	0.263	0.000	20727.310	Accept	Reject	Reject	Reject	Reject	Reject	Reject	1.394	0.717	21663.474	1.446
102	169	81.217	93.204	73.850	94.844	93.381	74.238	280505.550	5180.660	292.808	5550.371	277.768	0.871	0.856	0.733	0.795	0.759	0.933	0.067	0.949	0.740	3.644055478510135E18	0.227	0.000	20722.639	Accept	Reject	Reject	Reject	Reject	Reject	Reject	1.284	0.779	22201.484	1.258
238	199	80.490	90.139	66.502	101.685	98.543	66.408	273037.465	5088.295	283.180	5274.668	268.607	0.893	0.792	0.627	0.674	0.797	0.965	0.035	0.949	0.752	2.7616314266564541E18	0.210	0.000	20353.179	Accept	Reject	Reject	Reject	Reject	Reject	Reject	1.529	0.654	21098.671	1.484
302	234	80.436	95.176	77.940	102.231	95.283	71.532	272493.504	5081.534	299.004	5456.138	276.955	0.845	0.787	0.619	0.751	0.714	0.931	0.069	0.926	0.638	3.6598533218609254E18	0.231	0.000	20326.138	Accept	Reject	Reject	Reject	Reject	Reject	Reject	1.312	0.762	21824.552	1.332
71	163	79.969	93.879	67.119	104.565	104.928	64.619	267773.631	5022.686	294.930	5398.690	279.960	0.852	0.765	0.585	0.616	0.726	0.930	0.070	0.949	0.716	3.6618280534664294E18	0.178	0.000	20090.744	Accept	Reject	Reject	Reject	Reject	Reject	Reject	1.558	0.642	21594.761	1.624
291	218	79.523	84.824	69.262	91.897	91.499	69.372	263317.085	4966.802	266.482	5079.749	257.597	0.938	0.865	0.749	0.758	0.879	0.978	0.022	0.967	0.780	2.763601742783919E18	0.243	0.000	19867.208	Accept	Reject	Reject	Reject	Reject	Reject	Reject	1.327	0.754	20318.994	1.319
125	174	79.508	101.164	65.393	106.747	102.512	63.524	263165.170	4964.891	317.816	5263.938	276.508	0.786	0.745	0.555	0.620	0.618	0.943	0.057	0.870	0.711	3.7724438804350662E18	0.263	0.000	19859.564	Accept	Reject	Reject	Reject	Reject	Reject	Reject	1.632	0.613	21055.751	1.614
193	187	79.287	84.345	66.535	95.505	93.935	67.153	260976.864	4937.330	264.977	5018.485	258.706	0.940	0.830	0.689	0.715	0.884	0.984	0.016	0.976	0.777	2.6352491534041514E18	0.176	0.000	19749.321	Accept	Reject	Reject	Reject	Reject	Reject	Reject	1.435	0.697	20073.941	1.399
208	190	79.190	84.101	66.389	98.583	96.590	65.504	260024.386	4925.309	264.211	4997.511	260.781	0.942	0.803	0.645	0.678	0.887	0.986	0.014	0.987	0.753	3.7884527526751578E18	0.211	0.000	19701.237	Accept	Reject	Reject	Reject	Reject	Reject	Reject	1.485	0.673	19990.046	1.475
243	200	79.158	86.717	75.527	87.443	84.858	74.141	259707.677	4921.309	272.431	5055.026	255.550	0.913	0.905	0.819	0.874	0.833	0.974	0.026	0.938	0.745	2.6352491535215597E18	0.233	0.000	19685.237	Accept	Reject	Reject	Reject	Reject	Reject	Reject	1.158	0.864	20220.105	1.145
241	200	79.016	85.395	74.289	89.419	85.672	74.077	258314.060	4903.688	268.277	5062.369	259.176	0.925	0.884	0.781	0.865	0.856	0.969	0.031	0.966	0.738	2.6352848971810176E18	0.181	0.000	19614.752	Accept	Reject	Reject	Reject	Reject	Reject	Reject	1.204	0.831	20249.475	1.157
148	178	78.612	92.119	58.744	111.079	110.804	57.507	254371.811	4853.668	289.400	5149.329	279.952	0.853	0.708	0.501	0.519	0.728	0.943	0.057	0.967	0.744	2.6352535515699091E18	0.207	0.000	19414.673	Accept	Reject	Reject	Reject	Reject	Reject	Reject	1.891	0.529	20597.314	1.927
192	186	77.931	83.835	75.273	86.956	79.678	77.083	247814.113	4769.888	263.375	4933.806	253.370	0.930	0.896	0.803	0.967	0.864	0.967	0.033	0.962	0.729	3.6443369450290022E18	0.238	0.000	19079.551	Accept	Reject	Reject	Reject	Reject	Reject	Reject	1.155	0.866	19735.225	1.034
188	186	76.608	103.997	55.628	110.015	111.248	54.002	235407.694	4609.331	326.717	4905.642	274.659	0.737	0.696	0.485	0.485	0.543	0.940	0.060	0.841	0.753	2.6352497031452525E18	0.293	0.000	18437.326	Accept	Reject	Reject	Reject	Reject	Reject	Reject	1.978	0.506	19622.570	2.060
301	230	76.403	79.219	68.459	86.068	85.213	69.005	233525.970	4584.735	248.875	4631.684	245.637	0.964	0.888	0.788	0.810	0.930	0.990	0.010	0.987	0.778	2.6352497032773766E18	0.180	0.000	18338.939	Accept	Reject	Reject	Reject	Reject	Reject	Reject	1.257	0.795	18526.735	1.235
249	201	75.751	87.357	63.359	102.926	99.633	59.271	227593.712	4506.759	274.440	4754.773	261.517	0.867	0.736	0.542	0.595	0.752	0.948	0.052	0.953	0.691	3.8110505439394394E18	0.264	0.000	18027.036	Accept	Reject	Reject	Reject	Reject	Reject	Reject	1.624	0.616	19019.093	1.681
77	164	75.302	90.414	64.648	94.135	93.674	61.810	223574.284	4453.540	284.044	4642.075	254.033	0.833	0.800	0.640	0.660	0.694	0.959	0.041	0.894	0.732	2.635249703159936E18	0.264	0.000	17814.161	Accept	Reject	Reject	Reject	Reject	Reject	Reject	1.456	0.687	18568.300	1.516
28	149	75.165	99.116	67.310	108.723	109.792	61.967	222350.072	4437.268	311.383	5383.520	285.441	0.758	0.691	0.478	0.564	0.575	0.824	0.176	0.917	0.606	3.8267422241331802E18	0.279	0.000	17749.071	Accept	Reject	Reject	Reject	Reject	Reject	Reject	1.615	0.619	21534.082	1.772
38	152	74.839	78.690	66.828	83.588	83.081	67.829	219473.697	4398.917	247.211	4489.720	242.544	0.951	0.895	0.802	0.816	0.905	0.980	0.020	0.981	0.787	2.63525356111644E18	0.195	0.000	17595.667	Accept	Reject	Reject	Reject	Reject	Reject	Reject	1.251	0.799	17958.879	1.225
288	218	74.672	86.589	64.866	100.315	101.707	57.632	218008.150	4379.313	272.029	4700.980	262.076	0.862	0.744	0.554	0.567	0.744	0.932	0.068	0.963	0.673	2.6375054299183376E18	0.208	0.000	17517.250	Accept	Reject	Reject	Reject	Reject	Reject	Reject	1.546	0.647	18803.921	1.765
256	202	74.532	101.333	55.730	108.563	107.114	52.661	216782.711	4362.886	318.347	4667.982	266.261	0.736	0.687	0.471	0.492	0.541	0.935	0.065	0.836	0.721	3.644055539732535E18	0.292	0.000	17451.545	Accept	Reject	Reject	Reject	Reject	Reject	Reject	1.948	0.513	18671.928	2.034
162	181	74.386	85.785	56.528	102.552	102.792	54.948	215515.243	4345.864	269.500	4502.849	258.846	0.867	0.725	0.526	0.535	0.752	0.965	0.035	0.960	0.750	2.6372597663977862E18	0.220	0.000	17383.454	Accept	Reject	Reject	Reject	Reject	Reject	Reject	1.814	0.551	18011.397	1.871
197	187	74.204	81.548	62.472	88.845	88.883	62.174	213932.616	4324.562	256.191	4438.880	243.065	0.910	0.835	0.698	0.700	0.828	0.974	0.026	0.949	0.779	3.6440554785083034E18	0.247	0.000	17298.250	Accept	Reject	Reject	Reject	Reject	Reject	Reject	1.422	0.703	17755.521	1.430
292	221	74.103	78.814	73.882	81.402	77.080	72.500	213064.099	4312.850	247.600	4410.964	240.925	0.940	0.910	0.829	0.941	0.884	0.978	0.022	0.973	0.717	2.6375054211792058E18	0.192	0.000	17251.398	Accept	Reject	Reject	Reject	Reject	Reject	Reject	1.102	0.908	17643.856	1.063
183	185	73.997	79.622	66.468	88.140	83.867	65.994	212148.716	4300.488	250.139	4425.334	242.839	0.929	0.840	0.705	0.787	0.864	0.972	0.028	0.971	0.734	2.6352491533889466E18	0.193	0.000	17201.951	Accept	Reject	Reject	Reject	Reject	Reject	Reject	1.326	0.754	17701.337	1.271
165	181	73.994	82.774	67.881	89.079	84.804	64.956	212123.404	4300.146	260.041	4433.267	242.266	0.894	0.831	0.690	0.766	0.799	0.970	0.030	0.932	0.711	2.7793995269258045E18	0.241	0.000	17200.584	Accept	Reject	Reject	Reject	Reject	Reject	Reject	1.312	0.762	17733.067	1.306
62	160	72.872	81.735	59.486	91.973	93.327	57.688	202620.532	4170.740	256.778	4342.116	244.919	0.892	0.792	0.628	0.618	0.795	0.961	0.039	0.954	0.762	3.7701871146663712E18	0.206	0.000	16682.960	Accept	Reject	Reject	Reject	Reject	Reject	Reject	1.546	0.647	17368.466	1.618
272	211	72.668	76.436	62.381	87.563	85.291	62.318	200922.357	4147.404	240.130	4193.175	236.864	0.951	0.830	0.689	0.731	0.904	0.989	0.011	0.986	0.759	2.6352497129602272E18	0.202	0.000	16589.615	Accept	Reject	Reject	Reject	Reject	Reject	Reject	1.404	0.712	16772.700	1.369
171	183	72.119	92.407	57.513	97.978	109.036	53.752	196401.701	4084.959	290.305	4753.775	263.051	0.780	0.736	0.542	0.493	0.609	0.859	0.141	0.906	0.725	2.6512977036447437E18	0.219	0.000	16339.835	Accept	Reject	Reject	Reject	Reject	Reject	Reject	1.704	0.587	19015.100	2.029
118	172	72.105	88.176	69.946	82.648	79.203	66.295	196284.913	4083.339	277.012	4333.784	237.827	0.818	0.872	0.761	0.837	0.669	0.942	0.058	0.859	0.706	3.6621056294035277E18	0.246	0.000	16333.355	Accept	Reject	Reject	Reject	Reject	Reject	Reject	1.182	0.846	17335.135	1.195
299	229	72.096	75.623	69.439	76.945	74.688	70.002	196212.393	4082.333	237.577	4145.118	231.306	0.953	0.937	0.878	0.937	0.909	0.985	0.015	0.974	0.764	3.6440554710086259E18	0.194	0.000	16329.331	Accept	Reject	Reject	Reject	Reject	Reject	Reject	1.108	0.902	16580.472	1.067
251	202	71.675	76.920	63.279	88.364	85.757	60.327	192800.613	4034.872	241.650	4130.223	235.604	0.932	0.811	0.658	0.703	0.868	0.977	0.023	0.975	0.722	2.635249153389143E18	0.199	0.000	16139.487	Accept	Reject	Reject	Reject	Reject	Reject	Reject	1.396	0.716	16520.893	1.422
7	140	71.335	73.780	63.080	79.129	79.705	63.970	190066.919	3996.641	231.787	4037.460	228.410	0.967	0.902	0.813	0.803	0.935	0.990	0.010	0.985	0.801	2.6352497032962886E18	0.199	0.000	15986.566	Accept	Reject	Reject	Reject	Reject	Reject	Reject	1.254	0.797	16149.839	1.246
189	186	70.998	82.985	66.914	78.548	77.753	64.969	187382.194	3958.917	260.706	4123.005	230.648	0.856	0.904	0.817	0.836	0.732	0.960	0.040	0.885	0.753	2.6352497720120867E18	0.266	0.000	15835.667	Accept	Reject	Reject	Reject	Reject	Reject	Reject	1.174	0.852	16492.020	1.197
298	229	70.947	81.799	54.921	100.560	97.083	53.372	186984.807	3953.317	256.978	4061.331	248.379	0.867	0.706	0.498	0.550	0.752	0.973	0.027	0.967	0.716	2.6352491533891754E18	0.222	0.000	15813.269	Accept	Reject	Reject	Reject	Reject	Reject	Reject	1.831	0.546	16245.324	1.819
90	166	70.880	77.803	67.237	81.719	78.535	65.723	186453.069	3945.819	244.426	4128.348	235.848	0.911	0.867	0.752	0.837	0.830	0.956	0.044	0.965	0.718	2.7613499440292922E18	0.197	0.000	15783.275	Accept	Reject	Reject	Reject	Reject	Reject	Reject	1.215	0.823	16513.390	1.195
207	190	70.754	76.554	62.057	82.363	81.894	61.640	185458.229	3931.771	240.500	4046.899	231.918	0.924	0.859	0.738	0.753	0.854	0.972	0.028	0.964	0.769	2.6532322170276592E18	0.224	0.000	15727.084	Accept	Reject	Reject	Reject	Reject	Reject	Reject	1.327	0.753	16187.597	1.329
227	196	70.731	80.063	67.442	79.064	76.932	65.603	185279.184	3929.240	251.526	4075.051	230.550	0.883	0.895	0.800	0.853	0.780	0.964	0.036	0.917	0.737	2.6352844066299386E18	0.245	0.000	15716.959	Accept	Reject	Reject	Reject	Reject	Reject	Reject	1.172	0.853	16300.203	1.173
110	169	70.624	80.284	59.702	85.817	83.262	60.229	184436.463	3917.316	252.218	4057.515	232.621	0.880	0.823	0.677	0.723	0.774	0.965	0.035	0.922	0.765	2.6510469450619424E18	0.236	0.000	15669.266	Accept	Reject	Reject	Reject	Reject	Reject	Reject	1.437	0.696	16230.060	1.382
37	152	70.540	76.374	70.732	74.730	71.625	69.995	183783.055	3908.059	239.937	4011.574	227.620	0.924	0.944	0.891	0.977	0.853	0.974	0.026	0.949	0.739	2.635249154446407E18	0.237	0.000	15632.236	Accept	Reject	Reject	Reject	Reject	Reject	Reject	1.057	0.947	16046.297	1.023
285	218	70.157	75.496	66.120	79.166	76.000	64.942	180807.053	3865.756	237.178	3975.086	226.526	0.929	0.886	0.785	0.855	0.864	0.972	0.028	0.955	0.739	3.7907090269034106E18	0.214	0.000	15463.023	Accept	Reject	Reject	Reject	Reject	Reject	Reject	1.197	0.835	15900.344	1.170
222	195	70.053	81.985	60.702	87.620	84.734	58.148	180006.042	3854.330	257.564	3999.946	232.074	0.854	0.800	0.639	0.686	0.730	0.964	0.036	0.901	0.725	2.6375049485126349E18	0.235	0.000	15417.319	Accept	Reject	Reject	Reject	Reject	Reject	Reject	1.443	0.693	15999.783	1.457
142	177	69.908	76.202	64.392	81.427	78.958	62.570	178884.054	3838.297	239.395	3955.041	229.737	0.917	0.859	0.737	0.792	0.842	0.970	0.030	0.960	0.732	3.7884522027662842E18	0.242	0.000	15353.187	Accept	Reject	Reject	Reject	Reject	Reject	Reject	1.265	0.791	15820.164	1.262
122	174	69.844	77.222	69.834	73.145	70.847	69.072	178394.054	3831.284	242.600	3953.878	224.581	0.904	0.955	0.912	0.975	0.818	0.969	0.031	0.926	0.750	2.653264110261479E18	0.223	0.000	15325.137	Accept	Reject	Reject	Reject	Reject	Reject	Reject	1.047	0.955	15815.513	1.026
33	151	69.830	79.209	52.768	91.714	95.371	52.759	178291.824	3829.821	248.842	4016.495	241.486	0.882	0.761	0.580	0.553	0.777	0.954	0.046	0.970	0.791	2.6375009533374163E18	0.197	0.000	15319.282	Accept	Reject	Reject	Reject	Reject	Reject	Reject	1.738	0.575	16065.981	1.808
163	181	69.792	76.039	63.411	77.334	76.497	64.449	177994.604	3825.563	238.884	3911.428	227.003	0.918	0.902	0.814	0.843	0.842	0.978	0.022	0.950	0.780	2.6375009619270509E18	0.219	0.000	15302.253	Accept	Reject	Reject	Reject	Reject	Reject	Reject	1.220	0.820	15645.711	1.187
119	172	69.506	85.909	60.010	92.846	89.884	57.208	175820.837	3794.353	269.893	4203.130	243.000	0.809	0.749	0.560	0.636	0.655	0.903	0.097	0.900	0.681	3.6440868069557638E18	0.258	0.000	15177.411	Accept	Reject	Reject	Reject	Reject	Reject	Reject	1.547	0.646	16812.522	1.571
66	161	69.409	80.560	65.820	91.037	83.117	61.125	175080.522	3783.694	253.085	4037.629	241.348	0.862	0.762	0.581	0.735	0.742	0.937	0.063	0.954	0.631	2.635535035134719E18	0.225	0.000	15134.775	Accept	Reject	Reject	Reject	Reject	Reject	Reject	1.383	0.723	16150.517	1.360
129	174	69.268	88.229	65.014	80.849	76.474	63.073	174022.127	3768.430	277.180	4011.184	229.448	0.785	0.857	0.734	0.825	0.616	0.939	0.061	0.828	0.717	2.6352492210852224E18	0.283	0.000	15073.720	Accept	Reject	Reject	Reject	Reject	Reject	Reject	1.244	0.804	16044.738	1.212
31	151	69.254	82.926	53.211	96.770	94.453	51.365	173913.548	3766.862	260.521	3939.521	241.017	0.835	0.716	0.512	0.544	0.697	0.956	0.044	0.925	0.732	2.6532680199064966E18	0.244	0.000	15067.449	Accept	Reject	Reject	Reject	Reject	Reject	Reject	1.819	0.550	15758.086	1.839
156	179	68.864	74.834	62.299	77.262	76.877	62.474	170991.961	3724.556	235.097	3825.242	224.833	0.920	0.891	0.794	0.813	0.847	0.974	0.026	0.956	0.774	3.7881706590700685E18	0.204	0.000	14898.226	Accept	Reject	Reject	Reject	Reject	Reject	Reject	1.240	0.806	15300.970	1.231
168	182	68.854	74.476	61.077	79.512	77.999	60.920	170916.658	3723.463	233.975	3812.230	222.855	0.925	0.866	0.750	0.781	0.855	0.977	0.023	0.952	0.767	3.7884570990460454E18	0.262	0.000	14893.852	Accept	Reject	Reject	Reject	Reject	Reject	Reject	1.302	0.768	15248.922	1.280
247	201	68.800	84.999	64.461	78.279	75.648	62.781	170515.768	3717.638	267.031	3946.349	227.947	0.809	0.879	0.772	0.830	0.655	0.942	0.058	0.854	0.737	3.8109713177497587E18	0.274	0.000	14870.553	Accept	Reject	Reject	Reject	Reject	Reject	Reject	1.214	0.823	15785.394	1.205
13	143	68.780	85.237	61.039	83.941	81.190	58.394	170363.195	3715.421	267.779	3910.274	227.747	0.807	0.819	0.671	0.719	0.651	0.950	0.050	0.851	0.725	2.6352491535066198E18	0.293	0.000	14861.683	Accept	Reject	Reject	Reject	Reject	Reject	Reject	1.375	0.727	15641.097	1.390
226	195	68.743	74.112	64.755	74.901	73.086	64.765	170092.054	3711.477	232.829	3815.437	221.091	0.928	0.918	0.842	0.886	0.860	0.973	0.027	0.950	0.765	3.7881750055934835E18	0.282	0.000	14845.909	Accept	Reject	Reject	Reject	Reject	Reject	Reject	1.157	0.865	15261.750	1.128
209	190	68.441	74.656	56.451	83.887	81.987	57.787	167860.362	3678.942	234.537	3777.032	228.001	0.917	0.816	0.666	0.705	0.840	0.974	0.026	0.972	0.777	2.6352497118694128E18	0.232	0.000	14715.767	Accept	Reject	Reject	Reject	Reject	Reject	Reject	1.486	0.673	15108.128	1.419
133	176	68.437	76.043	62.678	82.909	77.304	61.226	167831.473	3678.519	238.896	3833.175	226.149	0.900	0.825	0.681	0.792	0.810	0.960	0.040	0.947	0.708	3.7904577196404013E18	0.225	0.000	14714.077	Accept	Reject	Reject	Reject	Reject	Reject	Reject	1.323	0.756	15332.702	1.263
17	145	68.426	79.773	63.767	76.572	75.112	62.392	167746.361	3677.276	250.614	3832.969	221.801	0.858	0.894	0.799	0.831	0.736	0.959	0.041	0.885	0.753	2.6512932969768326E18	0.260	0.000	14709.105	Accept	Reject	Reject	Reject	Reject	Reject	Reject	1.201	0.833	15331.877	1.204
229	196	68.322	87.449	49.220	116.583	111.742	43.596	166989.732	3666.210	274.729	3881.933	266.522	0.781	0.586	0.343	0.390	0.610	0.944	0.056	0.970	0.639	2.7616722656746771E18	0.239	0.000	14664.840	Accept	Reject	Reject	Reject	Reject	Reject	Reject	2.369	0.422	15527.732	2.563
121	173	68.288	73.266	63.187	77.722	75.028	62.566	166735.064	3662.481	230.172	3756.233	221.384	0.932	0.879	0.772	0.834	0.869	0.975	0.025	0.962	0.746	3.78845709059216E18	0.269	0.000	14649.925	Accept	Reject	Reject	Reject	Reject	Reject	Reject	1.230	0.813	15024.930	1.199
230	197	68.230	71.115	66.811	72.372	70.464	66.092	166313.989	3656.312	223.415	3714.457	217.218	0.959	0.943	0.889	0.938	0.921	0.984	0.016	0.972	0.756	3.6440598690553958E18	0.215	0.000	14625.249	Accept	Reject	Reject	Reject	Reject	Reject	Reject	1.083	0.923	14857.827	1.066
177	184	67.862	79.534	66.460	77.834	78.533	63.033	163638.569	3616.995	249.863	3960.378	233.752	0.853	0.872	0.760	0.803	0.728	0.913	0.087	0.936	0.699	3.7904583393428307E18	0.240	0.000	14467.981	Accept	Reject	Reject	Reject	Reject	Reject	Reject	1.171	0.854	15841.512	1.246
113	170	67.695	87.820	53.853	91.852	91.979	50.459	162433.322	3599.213	275.894	3834.787	235.174	0.771	0.737	0.543	0.549	0.594	0.939	0.061	0.852	0.728	2.6372943911993814E18	0.264	0.000	14396.852	Accept	Reject	Reject	Reject	Reject	Reject	Reject	1.706	0.586	15339.149	1.823
84	165	67.479	71.974	64.481	75.942	72.985	63.539	160880.755	3576.242	226.113	3646.380	219.855	0.938	0.889	0.790	0.871	0.879	0.981	0.019	0.972	0.730	3.64405546993488E18	0.230	0.000	14304.967	Accept	Reject	Reject	Reject	Reject	Reject	Reject	1.178	0.849	14585.518	1.149
120	173	67.108	82.044	65.669	75.581	68.759	67.321	158244.422	3537.065	257.749	3737.532	224.006	0.818	0.888	0.788	0.979	0.669	0.946	0.054	0.869	0.713	2.6374702442017069E18	0.300	0.000	14148.260	Accept	Reject	Reject	Reject	Reject	Reject	Reject	1.151	0.869	14950.126	1.021
95	167	67.094	76.487	63.218	76.221	73.733	61.375	158146.409	3535.605	240.291	3668.945	218.600	0.877	0.880	0.775	0.832	0.769	0.964	0.036	0.910	0.734	2.637255358551079E18	0.250	0.000	14142.419	Accept	Reject	Reject	Reject	Reject	Reject	Reject	1.206	0.829	14675.781	1.201
215	192	67.013	71.145	64.324	73.110	70.672	63.768	157571.527	3527.032	223.507	3604.533	215.123	0.942	0.917	0.840	0.902	0.887	0.978	0.022	0.962	0.750	3.6620698685620653E18	0.219	0.000	14108.126	Accept	Reject	Reject	Reject	Reject	Reject	Reject	1.137	0.880	14418.133	1.108
248	201	66.800	77.555	57.827	82.944	78.223	57.148	156076.570	3504.688	243.645	3670.173	221.118	0.861	0.805	0.649	0.731	0.742	0.955	0.045	0.908	0.731	2.6510118133013965E18	0.273	0.000	14018.751	Accept	Reject	Reject	Reject	Reject	Reject	Reject	1.434	0.697	14680.692	1.369
283	218	66.664	78.384	48.473	93.817	93.996	47.710	155120.273	3490.357	246.250	3594.603	231.881	0.850	0.711	0.505	0.508	0.723	0.971	0.029	0.942	0.768	2.6532680187988675E18	0.261	0.000	13961.427	Accept	Reject	Reject	Reject	Reject	Reject	Reject	1.935	0.517	14378.413	1.970
159	180	66.489	76.317	52.103	94.488	93.554	48.572	153901.910	3472.057	239.756	3586.291	233.520	0.871	0.704	0.495	0.519	0.759	0.968	0.032	0.974	0.705	2.6352844067644192E18	0.250	0.000	13888.227	Accept	Reject	Reject	Reject	Reject	Reject	Reject	1.813	0.551	14345.164	1.926
245	200	66.435	69.867	60.717	72.730	71.590	62.036	153528.149	3466.433	219.494	3539.751	214.635	0.951	0.913	0.834	0.867	0.904	0.979	0.021	0.978	0.785	2.6355306381637853E18	0.221	0.000	13865.733	Accept	Reject	Reject	Reject	Reject	Reject	Reject	1.198	0.835	14159.002	1.154
164	181	66.424	78.169	55.090	87.536	83.562	52.993	153454.864	3465.330	245.575	3601.781	223.104	0.850	0.759	0.576	0.634	0.722	0.962	0.038	0.908	0.719	3.7881707267136653E18	0.276	0.000	13861.318	Accept	Reject	Reject	Reject	Reject	Reject	Reject	1.589	0.629	14407.123	1.577
195	187	66.362	81.192	55.795	83.527	82.593	54.875	153021.003	3458.795	255.071	3641.017	227.324	0.817	0.794	0.631	0.664	0.668	0.950	0.050	0.891	0.742	2.6352491534038598E18	0.251	0.000	13835.179	Accept	Reject	Reject	Reject	Reject	Reject	Reject	1.497	0.668	14564.069	1.505
67	161	66.211	74.921	60.539	81.005	74.994	59.185	151981.688	3443.116	235.370	3569.832	219.191	0.884	0.817	0.668	0.789	0.781	0.965	0.035	0.931	0.702	2.6354959947037866E18	0.261	0.000	13772.464	Accept	Reject	Reject	Reject	Reject	Reject	Reject	1.338	0.747	14279.329	1.267
96	167	65.946	87.901	66.231	73.908	71.192	63.189	150160.807	3415.560	276.150	3785.686	224.636	0.750	0.892	0.796	0.888	0.563	0.902	0.098	0.813	0.698	3.6440593182234797E18	0.309	0.000	13662.239	Accept	Reject	Reject	Reject	Reject	Reject	Reject	1.116	0.896	15142.743	1.127
225	195	65.944	68.933	63.216	69.755	68.996	63.124	150151.748	3415.422	216.560	3470.852	210.319	0.957	0.945	0.894	0.915	0.915	0.984	0.016	0.971	0.775	2.6532992958415648E18	0.254	0.000	13661.688	Accept	Reject	Reject	Reject	Reject	Reject	Reject	1.103	0.906	13883.407	1.093
18	145	65.892	78.609	66.164	70.988	67.153	64.820	149795.011	3410.010	246.958	3579.810	213.867	0.838	0.928	0.862	0.965	0.703	0.953	0.047	0.866	0.726	2.779611184109529E18	0.271	0.000	13640.041	Accept	Reject	Reject	Reject	Reject	Reject	Reject	1.073	0.932	14319.242	1.036
72	163	65.861	69.817	59.782	72.914	72.618	60.106	149580.327	3406.752	219.338	3491.364	212.921	0.943	0.903	0.816	0.828	0.890	0.976	0.024	0.971	0.782	2.6352491535215958E18	0.187	0.000	13627.007	Accept	Reject	Reject	Reject	Reject	Reject	Reject	1.220	0.820	13965.456	1.208
117	171	65.806	71.429	58.504	74.470	74.719	59.315	149208.480	3401.103	224.400	3553.929	217.333	0.921	0.884	0.781	0.794	0.849	0.957	0.043	0.969	0.781	2.6352491619940906E18	0.251	0.000	13604.412	Accept	Reject	Reject	Reject	Reject	Reject	Reject	1.273	0.786	14215.717	1.260
295	222	65.645	79.770	65.334	71.404	68.711	62.803	148114.845	3384.463	250.606	3569.291	213.289	0.823	0.919	0.845	0.914	0.677	0.948	0.052	0.851	0.725	2.7636018137835552E18	0.283	0.000	13537.854	Accept	Reject	Reject	Reject	Reject	Reject	Reject	1.093	0.915	14277.162	1.094
123	174	65.331	71.649	54.901	86.463	83.453	52.088	145999.371	3352.160	225.092	3426.739	221.301	0.912	0.756	0.571	0.624	0.831	0.978	0.022	0.983	0.706	3.788175202222983E18	0.201	0.000	13408.641	Accept	Reject	Reject	Reject	Reject	Reject	Reject	1.575	0.635	13706.954	1.602
29	149	65.314	72.660	53.504	86.106	83.887	52.279	145888.957	3350.470	228.269	3437.280	222.296	0.899	0.759	0.575	0.623	0.808	0.975	0.025	0.974	0.727	2.6352844247535302E18	0.217	0.000	13401.882	Accept	Reject	Reject	Reject	Reject	Reject	Reject	1.609	0.621	13749.122	1.605
4	133	65.278	86.118	55.801	84.775	87.563	51.700	145647.798	3346.777	270.549	3726.087	230.421	0.758	0.770	0.593	0.590	0.575	0.898	0.102	0.852	0.707	2.6555160497960899E18	0.291	0.000	13387.108	Accept	Reject	Reject	Reject	Reject	Reject	Reject	1.519	0.658	14904.349	1.694
206	189	65.206	81.204	59.508	82.701	83.449	55.002	145163.939	3339.360	255.111	3715.228	228.062	0.803	0.788	0.622	0.659	0.645	0.899	0.101	0.894	0.679	3.6440554786422259E18	0.267	0.000	13357.442	Accept	Reject	Reject	Reject	Reject	Reject	Reject	1.390	0.720	14860.911	1.517
198	187	65.167	88.246	61.104	81.578	74.515	58.907	144903.351	3335.363	277.234	3620.725	224.367	0.738	0.799	0.638	0.791	0.545	0.921	0.079	0.809	0.669	3.6601359736898618E18	0.325	0.000	13341.450	Accept	Reject	Reject	Reject	Reject	Reject	Reject	1.335	0.749	14482.899	1.265
178	184	65.118	69.070	59.641	71.043	70.453	61.361	144580.635	3330.409	216.991	3398.095	212.962	0.943	0.917	0.840	0.871	0.889	0.980	0.020	0.981	0.786	2.6352492221235952E18	0.198	0.000	13321.635	Accept	Reject	Reject	Reject	Reject	Reject	Reject	1.191	0.840	13592.378	1.148
11	143	64.897	70.537	63.817	68.909	67.283	62.806	143108.021	3307.756	221.597	3396.537	208.212	0.920	0.942	0.887	0.933	0.846	0.974	0.026	0.940	0.752	3.659853254062057E18	0.233	0.000	13231.024	Accept	Reject	Reject	Reject	Reject	Reject	Reject	1.080	0.926	13586.147	1.071
203	189	64.811	72.533	51.869	83.584	83.701	51.442	142540.417	3299.004	227.870	3406.170	222.424	0.894	0.775	0.601	0.615	0.798	0.969	0.031	0.976	0.761	2.635606651604945E18	0.219	0.000	13196.016	Accept	Reject	Reject	Reject	Reject	Reject	Reject	1.611	0.621	13624.679	1.627
78	164	64.669	74.226	65.005	68.131	66.144	63.483	141606.917	3284.584	233.187	3420.567	209.366	0.871	0.949	0.901	0.960	0.759	0.960	0.040	0.898	0.742	3.7881706665862534E18	0.252	0.000	13138.338	Accept	Reject	Reject	Reject	Reject	Reject	Reject	1.048	0.954	13682.267	1.042
5	135	64.566	78.327	57.402	89.734	85.856	51.573	140934.562	3274.180	246.071	3722.918	231.049	0.824	0.720	0.518	0.601	0.680	0.879	0.121	0.939	0.636	3.6460615299756013E18	0.256	0.000	13096.718	Accept	Reject	Reject	Reject	Reject	Reject	Reject	1.563	0.640	14891.671	1.665
169	183	64.264	75.722	48.585	83.460	84.920	49.404	138965.650	3243.614	237.886	3401.581	220.617	0.849	0.770	0.593	0.582	0.720	0.954	0.046	0.927	0.800	3.772408618755705E18	0.263	0.000	12974.454	Accept	Reject	Reject	Reject	Reject	Reject	Reject	1.718	0.582	13606.324	1.719
61	159	63.736	78.519	54.882	77.290	77.209	53.015	135567.316	3190.515	246.676	3373.938	212.985	0.812	0.825	0.680	0.687	0.659	0.946	0.054	0.863	0.752	3.7881745766671469E18	0.296	0.000	12762.059	Accept	Reject	Reject	Reject	Reject	Reject	Reject	1.408	0.710	13495.753	1.456
211	191	63.631	78.906	56.500	82.898	76.534	53.798	134895.135	3179.960	247.890	3382.246	217.369	0.806	0.768	0.589	0.703	0.650	0.940	0.060	0.877	0.679	3.662074336269383E18	0.259	0.000	12719.841	Accept	Reject	Reject	Reject	Reject	Reject	Reject	1.467	0.682	13528.985	1.423
53	156	63.511	80.533	57.062	75.187	73.844	55.615	134136.127	3168.020	253.001	3369.313	212.722	0.789	0.845	0.714	0.753	0.622	0.940	0.060	0.841	0.738	3.7930306467831302E18	0.320	0.000	12672.082	Accept	Reject	Reject	Reject	Reject	Reject	Reject	1.318	0.759	13477.252	1.328
15	144	63.291	67.264	56.078	71.485	71.461	56.652	132749.641	3146.152	211.315	3233.833	207.176	0.941	0.885	0.784	0.793	0.885	0.973	0.027	0.980	0.785	2.6375366970112506E18	0.218	0.000	12584.608	Accept	Reject	Reject	Reject	Reject	Reject	Reject	1.275	0.784	12935.334	1.261
54	157	63.237	66.783	61.546	71.726	66.218	60.768	132406.953	3140.735	209.804	3210.308	205.041	0.947	0.882	0.777	0.918	0.897	0.978	0.022	0.977	0.711	2.6352496956288339E18	0.199	0.000	12562.941	Accept	Reject	Reject	Reject	Reject	Reject	Reject	1.165	0.858	12841.230	1.090
290	218	63.038	77.143	60.313	75.088	69.459	58.987	131160.048	3120.987	242.351	3284.677	211.901	0.817	0.840	0.705	0.849	0.668	0.950	0.050	0.874	0.689	2.6512625192871014E18	0.293	0.000	12483.946	Accept	Reject	Reject	Reject	Reject	Reject	Reject	1.245	0.803	13138.708	1.178
88	166	62.960	74.474	60.617	68.033	66.407	60.110	130673.451	3113.262	233.967	3276.189	205.330	0.845	0.925	0.856	0.905	0.715	0.950	0.050	0.878	0.755	2.777393536678312E18	0.311	0.000	12453.048	Accept	Reject	Reject	Reject	Reject	Reject	Reject	1.122	0.891	13104.755	1.105
9	141	62.932	74.889	63.694	72.939	68.241	60.871	130499.607	3110.500	235.272	3452.182	214.460	0.840	0.863	0.744	0.892	0.706	0.901	0.099	0.912	0.670	3.6620743365716723E18	0.243	0.000	12442.001	Accept	Reject	Reject	Reject	Reject	Reject	Reject	1.145	0.873	13808.728	1.121
134	176	62.663	74.919	54.388	79.508	77.024	51.492	128832.454	3083.952	235.366	3239.445	211.023	0.836	0.788	0.621	0.669	0.700	0.952	0.048	0.897	0.713	3.7904280275964877E18	0.267	0.000	12335.810	Accept	Reject	Reject	Reject	Reject	Reject	Reject	1.462	0.684	12957.781	1.496
190	186	62.642	68.367	60.110	66.679	65.098	60.393	128704.100	3081.903	214.782	3172.467	201.426	0.916	0.939	0.883	0.928	0.840	0.971	0.029	0.938	0.769	3.7884566009619232E18	0.256	0.000	12327.613	Accept	Reject	Reject	Reject	Reject	Reject	Reject	1.109	0.901	12689.870	1.078
69	162	62.602	75.466	54.071	76.573	73.970	53.058	128460.168	3078.009	237.083	3245.843	207.704	0.830	0.818	0.668	0.717	0.688	0.948	0.052	0.876	0.743	2.6352492221256918E18	0.295	0.000	12312.034	Accept	Reject	Reject	Reject	Reject	Reject	Reject	1.416	0.706	12983.372	1.394
116	170	62.553	76.866	52.926	76.148	74.719	52.572	128159.752	3073.208	241.483	3243.631	207.839	0.814	0.821	0.675	0.704	0.662	0.947	0.053	0.861	0.763	3.7701601767822349E18	0.303	0.000	12292.831	Accept	Reject	Reject	Reject	Reject	Reject	Reject	1.439	0.695	12974.525	1.421
47	153	62.260	78.835	62.562	65.856	62.903	61.743	126362.071	3044.402	247.666	3250.175	203.543	0.790	0.945	0.894	0.982	0.624	0.937	0.063	0.822	0.739	5.0854586010295123E18	0.292	0.000	12177.606	Accept	Reject	Reject	Reject	Reject	Reject	Reject	1.053	0.950	13000.699	1.019
82	165	62.256	75.646	53.291	90.185	82.043	48.563	126342.928	3044.094	237.648	3208.263	221.451	0.823	0.690	0.477	0.592	0.677	0.949	0.051	0.932	0.633	2.653584618972329E18	0.242	0.000	12176.377	Accept	Reject	Reject	Reject	Reject	Reject	Reject	1.692	0.591	12833.052	1.689
127	174	62.042	64.919	58.822	69.307	66.961	57.992	125039.555	3023.122	203.950	3076.401	200.283	0.956	0.895	0.801	0.866	0.913	0.983	0.017	0.982	0.742	2.6532647300981254E18	0.210	0.000	12092.490	Accept	Reject	Reject	Reject	Reject	Reject	Reject	1.178	0.849	12305.603	1.155
286	218	61.940	74.948	59.914	68.897	66.293	58.029	124425.163	3013.211	235.456	3185.533	202.176	0.826	0.899	0.808	0.875	0.683	0.946	0.054	0.859	0.730	2.6535148528684058E18	0.287	0.000	12052.845	Accept	Reject	Reject	Reject	Reject	Reject	Reject	1.150	0.870	12742.133	1.142
35	152	61.853	66.887	54.842	71.878	70.653	54.890	123905.471	3004.815	210.133	3077.862	201.802	0.925	0.861	0.741	0.777	0.855	0.976	0.024	0.960	0.762	2.6352491630864774E18	0.198	0.000	12019.261	Accept	Reject	Reject	Reject	Reject	Reject	Reject	1.311	0.763	12311.447	1.287
136	176	61.831	70.336	52.928	76.226	75.791	51.068	123770.589	3002.634	220.966	3111.487	206.131	0.879	0.811	0.658	0.674	0.773	0.965	0.035	0.933	0.744	2.635249711749904E18	0.290	0.000	12010.537	Accept	Reject	Reject	Reject	Reject	Reject	Reject	1.440	0.694	12445.946	1.484
30	149	61.773	70.738	56.398	70.179	68.729	56.000	123420.606	2996.971	222.228	3114.753	202.464	0.873	0.880	0.775	0.815	0.763	0.962	0.038	0.911	0.757	3.7904225266783488E18	0.274	0.000	11987.885	Accept	Reject	Reject	Reject	Reject	Reject	Reject	1.244	0.804	12459.013	1.227
294	222	61.758	66.863	55.248	70.959	70.670	54.111	123332.472	2995.544	210.057	3081.086	200.882	0.924	0.870	0.757	0.766	0.853	0.972	0.028	0.956	0.764	3.6443370147053338E18	0.235	0.000	11982.177	Accept	Reject	Reject	Reject	Reject	Reject	Reject	1.284	0.779	12324.344	1.306
273	212	61.749	64.627	59.052	67.818	65.573	58.311	123280.834	2994.708	203.033	3056.310	198.169	0.955	0.911	0.829	0.889	0.913	0.980	0.020	0.976	0.748	2.63528440757156E18	0.207	0.000	11978.833	Accept	Reject	Reject	Reject	Reject	Reject	Reject	1.148	0.871	12225.240	1.125
219	195	61.547	66.794	57.324	73.655	69.106	56.274	122072.486	2975.107	209.841	3055.637	203.995	0.921	0.836	0.698	0.814	0.849	0.974	0.026	0.972	0.705	3.662351971698752E18	0.202	0.000	11900.430	Accept	Reject	Reject	Reject	Reject	Reject	Reject	1.285	0.778	12222.546	1.228
158	180	61.383	65.758	57.650	70.673	67.852	55.719	121102.190	2959.321	206.585	3039.606	199.028	0.933	0.869	0.754	0.821	0.871	0.974	0.026	0.963	0.726	2.6352497031431226E18	0.239	0.000	11837.285	Accept	Reject	Reject	Reject	Reject	Reject	Reject	1.226	0.816	12158.423	1.218
263	204	61.381	67.220	51.989	76.710	75.467	50.267	121088.697	2959.101	211.179	3035.184	203.044	0.913	0.800	0.640	0.666	0.834	0.975	0.025	0.961	0.742	2.6375362075192339E18	0.263	0.000	11836.406	Accept	Reject	Reject	Reject	Reject	Reject	Reject	1.475	0.678	12140.737	1.501
265	205	61.379	65.339	58.375	66.241	65.525	57.604	121075.469	2958.886	205.269	3025.566	196.638	0.939	0.927	0.859	0.879	0.882	0.978	0.022	0.958	0.765	2.6352491544632173E18	0.225	0.000	11835.544	Accept	Reject	Reject	Reject	Reject	Reject	Reject	1.135	0.881	12102.264	1.138
268	208	61.369	67.995	49.315	81.685	81.602	47.158	121016.155	2957.920	213.613	3046.331	209.664	0.903	0.751	0.564	0.578	0.815	0.971	0.029	0.982	0.734	2.6352492222620819E18	0.219	0.000	11831.678	Accept	Reject	Reject	Reject	Reject	Reject	Reject	1.656	0.604	12185.325	1.730
175	184	61.279	72.998	51.148	78.513	82.508	48.860	120485.942	2949.273	229.329	3295.054	215.080	0.839	0.780	0.609	0.592	0.705	0.895	0.105	0.938	0.734	3.7904583394621382E18	0.233	0.000	11797.094	Accept	Reject	Reject	Reject	Reject	Reject	Reject	1.535	0.651	13180.218	1.689
278	212	61.261	71.260	59.441	67.667	65.592	57.284	120377.139	2947.498	223.869	3077.801	198.662	0.860	0.905	0.820	0.873	0.739	0.958	0.042	0.887	0.733	2.6352805518653331E18	0.291	0.000	11789.992	Accept	Reject	Reject	Reject	Reject	Reject	Reject	1.138	0.878	12311.205	1.145
146	178	61.035	65.692	52.403	74.877	73.638	51.034	119051.706	2925.822	206.377	2991.083	200.781	0.929	0.815	0.664	0.693	0.863	0.978	0.022	0.973	0.746	2.635284346365912E18	0.205	0.000	11703.287	Accept	Reject	Reject	Reject	Reject	Reject	Reject	1.429	0.700	11964.330	1.443
19	146	60.995	68.720	50.398	76.717	75.504	49.909	118817.607	2921.985	215.891	3035.265	204.138	0.888	0.795	0.632	0.661	0.788	0.963	0.037	0.946	0.756	2.6352536976329133E18	0.245	0.000	11687.940	Accept	Reject	Reject	Reject	Reject	Reject	Reject	1.522	0.657	12141.062	1.513
293	221	60.872	69.332	49.814	79.643	81.425	46.988	118100.064	2910.209	217.814	3064.388	208.774	0.878	0.764	0.584	0.577	0.771	0.950	0.050	0.959	0.734	2.6352536215165526E18	0.239	0.000	11640.836	Accept	Reject	Reject	Reject	Reject	Reject	Reject	1.599	0.625	12257.552	1.733
224	195	60.859	63.016	56.938	65.771	65.727	56.479	118024.256	2908.964	197.970	2948.208	194.255	0.966	0.925	0.856	0.859	0.933	0.987	0.013	0.981	0.777	2.6375009542915782E18	0.218	0.000	11635.855	Accept	Reject	Reject	Reject	Reject	Reject	Reject	1.155	0.866	11792.834	1.164
65	161	60.837	74.325	47.474	79.866	79.985	46.628	117899.179	2906.908	233.498	3078.292	209.470	0.819	0.762	0.580	0.583	0.670	0.944	0.056	0.897	0.767	2.6352492231973411E18	0.307	0.000	11627.633	Accept	Reject	Reject	Reject	Reject	Reject	Reject	1.682	0.594	12313.168	1.715
250	202	60.787	64.901	53.163	70.935	70.438	52.524	117608.419	2902.127	203.892	2966.309	197.496	0.937	0.857	0.734	0.746	0.877	0.978	0.022	0.969	0.770	2.6352491535236608E18	0.217	0.000	11608.508	Accept	Reject	Reject	Reject	Reject	Reject	Reject	1.334	0.749	11865.237	1.341
235	198	60.747	78.520	59.632	66.703	64.739	57.145	117376.584	2898.312	246.677	3116.375	200.354	0.774	0.911	0.829	0.883	0.599	0.930	0.070	0.812	0.729	3.7721271342135597E18	0.317	0.000	11593.247	Accept	Reject	Reject	Reject	Reject	Reject	Reject	1.119	0.894	12465.499	1.133
275	212	60.659	71.746	57.534	68.583	66.188	55.783	116864.557	2889.877	225.396	3034.672	198.067	0.845	0.884	0.782	0.843	0.715	0.952	0.048	0.879	0.732	3.6440912051386259E18	0.281	0.000	11559.508	Accept	Reject	Reject	Reject	Reject	Reject	Reject	1.192	0.839	12138.690	1.187
246	201	60.360	77.048	54.506	75.233	72.222	50.962	115142.680	2861.420	242.053	3072.063	203.667	0.783	0.802	0.644	0.706	0.614	0.931	0.069	0.841	0.698	3.7907046986522483E18	0.279	0.000	11445.682	Accept	Reject	Reject	Reject	Reject	Reject	Reject	1.380	0.724	12288.252	1.417
105	169	60.238	68.675	51.204	75.001	76.794	48.426	114449.007	2849.916	215.749	3067.455	204.405	0.877	0.803	0.645	0.631	0.769	0.929	0.071	0.947	0.742	2.6352844087624842E18	0.248	0.000	11399.666	Accept	Reject	Reject	Reject	Reject	Reject	Reject	1.465	0.683	12269.821	1.586
231	197	60.217	65.713	45.237	77.368	79.025	46.343	114326.936	2847.890	206.444	2902.496	202.773	0.916	0.778	0.606	0.586	0.840	0.981	0.019	0.982	0.814	2.635253560176687E18	0.221	0.000	11391.560	Accept	Reject	Reject	Reject	Reject	Reject	Reject	1.710	0.585	11609.985	1.705
130	175	59.963	68.327	57.898	64.559	62.766	57.341	112888.650	2823.954	214.655	2941.182	193.630	0.878	0.929	0.863	0.914	0.770	0.960	0.040	0.902	0.755	3.7724086102663642E18	0.269	0.000	11295.817	Accept	Reject	Reject	Reject	Reject	Reject	Reject	1.115	0.897	11764.728	1.095
139	176	59.957	67.565	50.765	78.304	74.114	48.754	112855.852	2823.407	212.262	2908.275	199.736	0.887	0.766	0.586	0.658	0.787	0.971	0.029	0.941	0.710	2.6352497730892733E18	0.256	0.000	11293.628	Accept	Reject	Reject	Reject	Reject	Reject	Reject	1.542	0.648	11633.098	1.520
85	166	59.879	62.884	58.806	63.188	61.318	58.512	112416.665	2816.077	197.555	2871.328	190.942	0.952	0.948	0.898	0.954	0.907	0.981	0.019	0.967	0.758	2.6352492308328749E18	0.234	0.000	11264.309	Accept	Reject	Reject	Reject	Reject	Reject	Reject	1.075	0.931	11485.311	1.048
173	183	59.824	71.820	53.789	71.502	69.793	51.603	112104.876	2810.868	225.629	2963.837	198.337	0.833	0.837	0.700	0.739	0.694	0.948	0.052	0.879	0.731	2.6375367648103773E18	0.296	0.000	11243.473	Accept	Reject	Reject	Reject	Reject	Reject	Reject	1.329	0.752	11855.350	1.353
70	162	59.776	76.865	50.510	79.945	77.689	46.544	111837.296	2806.394	241.478	2999.877	206.031	0.778	0.748	0.559	0.599	0.605	0.936	0.064	0.853	0.695	3.7882102502337594E18	0.319	0.000	11225.575	Accept	Reject	Reject	Reject	Reject	Reject	Reject	1.583	0.632	11999.508	1.669
106	169	59.687	75.965	45.788	86.946	84.352	43.340	111339.309	2798.056	238.653	2966.579	213.987	0.786	0.686	0.471	0.514	0.617	0.943	0.057	0.897	0.703	2.6375406141561712E18	0.263	0.000	11192.226	Accept	Reject	Reject	Reject	Reject	Reject	Reject	1.899	0.527	11866.316	1.946
147	178	59.653	79.735	47.931	92.082	96.588	42.606	111143.919	2794.782	250.496	3313.923	231.217	0.748	0.648	0.420	0.441	0.560	0.843	0.157	0.923	0.633	2.6530217291338368E18	0.254	0.000	11179.128	Accept	Reject	Reject	Reject	Reject	Reject	Reject	1.921	0.521	13255.691	2.267
172	183	59.630	70.444	49.328	73.415	72.306	49.653	111018.280	2792.675	221.305	2937.089	200.083	0.846	0.812	0.660	0.687	0.717	0.951	0.049	0.904	0.771	2.6355307056755645E18	0.270	0.000	11170.701	Accept	Reject	Reject	Reject	Reject	Reject	Reject	1.488	0.672	11748.356	1.456
87	166	59.443	67.155	52.742	73.788	71.177	50.411	109978.672	2775.214	210.973	2869.276	197.843	0.885	0.806	0.649	0.708	0.784	0.967	0.033	0.938	0.713	2.635284346365912E18	0.264	0.000	11100.856	Accept	Reject	Reject	Reject	Reject	Reject	Reject	1.399	0.715	11477.104	1.412
135	176	59.277	65.146	55.629	64.275	64.093	54.971	109055.313	2759.658	204.663	2859.049	191.619	0.910	0.922	0.851	0.858	0.828	0.965	0.035	0.936	0.772	3.7882059047793933E18	0.254	0.000	11038.634	Accept	Reject	Reject	Reject	Reject	Reject	Reject	1.155	0.865	11436.196	1.166
179	184	59.235	68.041	56.046	71.076	66.509	54.155	108828.004	2755.822	213.758	2880.652	197.291	0.871	0.833	0.695	0.814	0.758	0.957	0.043	0.923	0.692	3.7861964848662541E18	0.257	0.000	11023.290	Accept	Reject	Reject	Reject	Reject	Reject	Reject	1.268	0.789	11522.609	1.228
112	169	59.221	70.753	52.721	73.437	68.389	53.318	108750.287	2754.510	222.278	2952.838	204.896	0.837	0.806	0.650	0.780	0.701	0.933	0.067	0.922	0.711	2.6377868359049968E18	0.258	0.000	11018.042	Accept	Reject	Reject	Reject	Reject	Reject	Reject	1.393	0.718	11811.350	1.283
281	216	59.104	68.977	48.823	80.400	77.935	46.205	108107.146	2743.640	216.698	2860.988	205.199	0.857	0.735	0.540	0.593	0.734	0.959	0.041	0.947	0.699	2.6355306360141997E18	0.242	0.000	10974.559	Accept	Reject	Reject	Reject	Reject	Reject	Reject	1.647	0.607	11443.954	1.687
40	152	59.072	64.186	54.778	67.102	63.364	56.264	107930.911	2740.657	201.646	2851.648	194.071	0.920	0.880	0.775	0.888	0.847	0.961	0.039	0.962	0.746	3.7904269257860525E18	0.253	0.000	10962.628	Accept	Reject	Reject	Reject	Reject	Reject	Reject	1.225	0.816	11406.590	1.126
22	146	59.065	68.532	54.437	69.884	66.675	52.561	107891.670	2739.993	215.300	2862.170	193.936	0.862	0.845	0.714	0.788	0.743	0.957	0.043	0.901	0.720	3.6600996133859264E18	0.266	0.000	10959.971	Accept	Reject	Reject	Reject	Reject	Reject	Reject	1.284	0.779	11448.680	1.269
174	183	59.020	64.251	51.478	69.878	67.973	52.127	107648.043	2735.866	201.850	2832.973	195.767	0.919	0.845	0.713	0.767	0.844	0.966	0.034	0.970	0.761	3.788175057267833E18	0.233	0.000	10943.466	Accept	Reject	Reject	Reject	Reject	Reject	Reject	1.357	0.737	11331.893	1.304
213	191	59.019	66.948	57.036	64.684	62.171	56.697	107640.012	2735.730	210.324	2844.241	192.917	0.882	0.912	0.833	0.912	0.777	0.962	0.038	0.917	0.742	3.6440560196906944E18	0.247	0.000	10942.921	Accept	Reject	Reject	Reject	Reject	Reject	Reject	1.134	0.882	11376.964	1.097
220	195	58.978	68.243	55.501	73.960	68.143	55.812	107415.489	2731.925	214.393	2977.300	204.893	0.864	0.797	0.636	0.819	0.747	0.918	0.082	0.956	0.666	3.7881707279426669E18	0.198	0.000	10927.700	Accept	Reject	Reject	Reject	Reject	Reject	Reject	1.333	0.750	11909.198	1.221
161	181	58.896	61.800	55.826	63.866	62.432	55.703	106968.780	2724.345	194.151	2776.051	188.363	0.953	0.922	0.850	0.892	0.908	0.981	0.019	0.970	0.764	2.6352535601748189E18	0.201	0.000	10897.381	Accept	Reject	Reject	Reject	Reject	Reject	Reject	1.144	0.874	11104.206	1.121
107	169	58.603	67.797	46.228	80.246	77.155	45.211	105379.672	2697.296	212.992	2796.357	201.272	0.864	0.730	0.533	0.586	0.747	0.965	0.035	0.945	0.727	2.7796150312048528E18	0.260	0.000	10789.186	Accept	Reject	Reject	Reject	Reject	Reject	Reject	1.736	0.576	11185.427	1.707
261	204	58.556	61.478	55.200	63.616	62.290	55.093	105127.402	2692.990	193.138	2745.455	187.311	0.952	0.920	0.847	0.884	0.907	0.981	0.019	0.970	0.767	2.635249704218769E18	0.226	0.000	10771.961	Accept	Reject	Reject	Reject	Reject	Reject	Reject	1.152	0.868	10981.821	1.131
83	165	58.467	67.465	56.185	63.683	61.441	55.925	104649.073	2684.815	211.949	2798.350	189.825	0.867	0.918	0.843	0.910	0.751	0.959	0.041	0.896	0.750	3.64405547101072E18	0.280	0.000	10739.260	Accept	Reject	Reject	Reject	Reject	Reject	Reject	1.133	0.882	11193.399	1.099
55	157	58.348	62.263	56.299	64.297	61.785	55.430	104012.877	2673.923	195.605	2738.021	187.841	0.937	0.907	0.824	0.897	0.878	0.977	0.023	0.960	0.739	2.6352535514338525E18	0.274	0.000	10695.691	Accept	Reject	Reject	Reject	Reject	Reject	Reject	1.142	0.876	10952.083	1.115
210	191	58.284	61.853	57.117	60.976	59.238	57.426	103669.577	2668.036	194.317	2729.508	186.445	0.942	0.956	0.914	0.969	0.888	0.977	0.023	0.959	0.766	3.644055470052583E18	0.207	0.000	10672.144	Accept	Reject	Reject	Reject	Reject	Reject	Reject	1.068	0.937	10918.031	1.032
153	178	58.241	68.645	53.070	78.868	71.669	50.437	103440.547	2664.105	215.655	2907.105	206.855	0.848	0.738	0.545	0.704	0.720	0.916	0.084	0.959	0.637	2.6352496354971536E18	0.217	0.000	10656.420	Accept	Reject	Reject	Reject	Reject	Reject	Reject	1.486	0.673	11628.422	1.421
145	178	58.185	62.836	52.320	68.367	66.721	52.112	103143.116	2658.996	197.404	2716.599	192.925	0.926	0.851	0.724	0.781	0.857	0.979	0.021	0.977	0.743	2.635249712825513E18	0.199	0.000	10635.982	Accept	Reject	Reject	Reject	Reject	Reject	Reject	1.307	0.765	10866.395	1.280
73	163	58.184	63.942	51.143	71.259	68.799	49.616	103134.161	2658.842	200.879	2726.752	191.668	0.910	0.817	0.667	0.721	0.828	0.975	0.025	0.954	0.730	2.6374663273091987E18	0.234	0.000	10635.368	Accept	Reject	Reject	Reject	Reject	Reject	Reject	1.393	0.718	10907.009	1.387
253	202	58.146	62.572	49.833	72.204	70.604	47.916	102934.626	2655.411	196.576	2706.921	190.482	0.929	0.805	0.649	0.679	0.864	0.981	0.019	0.969	0.738	3.788174576094688E18	0.210	0.000	10621.645	Accept	Reject	Reject	Reject	Reject	Reject	Reject	1.449	0.690	10827.685	1.473
100	169	57.956	68.673	44.093	79.563	84.465	43.030	101925.969	2638.036	215.744	2921.038	206.490	0.844	0.728	0.531	0.509	0.712	0.903	0.097	0.957	0.752	2.6532641103959635E18	0.194	0.000	10552.144	Accept	Reject	Reject	Reject	Reject	Reject	Reject	1.804	0.554	11684.153	1.963
233	198	57.909	92.113	41.990	108.145	108.418	37.094	101679.813	2633.787	289.382	3304.981	249.249	0.629	0.535	0.287	0.342	0.395	0.797	0.203	0.861	0.580	3.6440554786592666E18	0.426	0.000	10535.147	Accept	Reject	Reject	Reject	Reject	Reject	Reject	2.575	0.388	13219.924	2.923
64	161	57.891	71.159	42.588	81.535	82.097	41.484	101584.591	2632.142	223.554	2779.564	205.024	0.814	0.710	0.504	0.505	0.662	0.947	0.053	0.917	0.758	2.6372547326753981E18	0.242	0.000	10528.569	Accept	Reject	Reject	Reject	Reject	Reject	Reject	1.915	0.522	11118.256	1.979
94	166	57.800	61.075	55.486	61.699	60.566	55.217	101107.225	2623.890	191.874	2686.686	185.153	0.946	0.937	0.878	0.912	0.896	0.977	0.023	0.965	0.766	2.635253551568103E18	0.291	0.000	10495.559	Accept	Reject	Reject	Reject	Reject	Reject	Reject	1.112	0.899	10746.743	1.097
98	168	57.789	59.653	55.245	62.182	59.958	55.811	101050.914	2622.915	187.406	2666.971	185.208	0.969	0.929	0.864	0.931	0.938	0.983	0.017	0.988	0.764	2.6352844064999152E18	0.211	0.000	10491.662	Accept	Reject	Reject	Reject	Reject	Reject	Reject	1.126	0.888	10667.885	1.074
143	177	57.755	66.383	50.573	68.697	66.109	50.517	100870.080	2619.785	208.548	2727.971	189.131	0.870	0.841	0.707	0.764	0.757	0.960	0.040	0.907	0.754	2.6355351029333504E18	0.254	0.000	10479.142	Accept	Reject	Reject	Reject	Reject	Reject	Reject	1.358	0.736	10911.886	1.309
108	169	57.311	66.925	50.782	71.612	68.451	48.908	98560.941	2579.649	210.252	2744.042	192.821	0.856	0.800	0.640	0.715	0.733	0.940	0.060	0.917	0.709	2.9418507272069869E18	0.314	0.000	10318.598	Accept	Reject	Reject	Reject	Reject	Reject	Reject	1.410	0.709	10976.166	1.400
221	195	57.130	66.403	53.628	65.041	62.605	52.288	97634.004	2563.450	208.611	2691.553	187.185	0.860	0.878	0.772	0.835	0.740	0.952	0.048	0.897	0.735	2.6352492307327043E18	0.292	0.000	10253.801	Accept	Reject	Reject	Reject	Reject	Reject	Reject	1.213	0.825	10766.214	1.197
80	164	56.985	59.002	55.215	59.880	58.406	55.714	96890.420	2550.418	185.361	2591.006	182.022	0.966	0.952	0.906	0.954	0.933	0.984	0.016	0.982	0.771	2.6352491534038893E18	0.240	0.000	10201.672	Accept	Reject	Reject	Reject	Reject	Reject	Reject	1.084	0.922	10364.025	1.048
270	209	56.740	63.116	52.836	64.458	62.004	51.945	95647.996	2528.568	198.286	2620.223	183.992	0.899	0.880	0.775	0.838	0.808	0.965	0.035	0.928	0.742	2.6352492231971117E18	0.274	0.000	10114.274	Accept	Reject	Reject	Reject	Reject	Reject	Reject	1.220	0.820	10480.892	1.194
166	182	56.636	63.866	48.991	69.456	67.294	49.333	95120.357	2519.261	200.640	2612.097	190.697	0.887	0.815	0.665	0.733	0.786	0.964	0.036	0.950	0.740	2.6352535603090038E18	0.240	0.000	10077.043	Accept	Reject	Reject	Reject	Reject	Reject	Reject	1.418	0.705	10448.387	1.364
200	189	56.564	63.259	51.962	70.044	66.527	50.162	94757.171	2512.844	198.733	2690.963	192.257	0.894	0.808	0.652	0.754	0.800	0.934	0.066	0.967	0.690	3.8065464031459226E18	0.213	0.000	10051.376	Accept	Reject	Reject	Reject	Reject	Reject	Reject	1.348	0.742	10763.850	1.326
257	203	56.452	65.111	55.378	60.693	58.111	55.201	94198.331	2502.955	204.553	2620.770	183.722	0.867	0.930	0.865	0.950	0.752	0.955	0.045	0.898	0.745	3.7882103178755949E18	0.288	0.000	10011.818	Accept	Reject	Reject	Reject	Reject	Reject	Reject	1.096	0.912	10483.081	1.053
205	189	56.443	59.002	49.324	63.726	64.334	49.843	94152.352	2502.140	185.362	2537.356	182.529	0.957	0.886	0.784	0.775	0.915	0.986	0.014	0.985	0.796	2.6352491621156925E18	0.211	0.000	10008.560	Accept	Reject	Reject	Reject	Reject	Reject	Reject	1.292	0.774	10149.425	1.291
187	186	56.435	64.188	45.211	75.826	73.824	43.415	94113.227	2501.447	201.651	2585.440	192.117	0.879	0.744	0.554	0.588	0.773	0.968	0.032	0.953	0.730	2.6352492222602138E18	0.257	0.000	10005.787	Accept	Reject	Reject	Reject	Reject	Reject	Reject	1.677	0.596	10341.761	1.700
254	202	56.269	59.825	49.809	65.442	64.867	49.019	93284.358	2486.738	187.946	2545.404	182.670	0.941	0.860	0.739	0.756	0.885	0.977	0.023	0.972	0.763	2.635249703294191E18	0.215	0.000	9946.952	Accept	Reject	Reject	Reject	Reject	Reject	Reject	1.314	0.761	10181.614	1.323
48	154	56.260	59.461	53.954	60.106	59.066	53.669	93238.140	2485.916	186.802	2541.382	180.236	0.946	0.936	0.876	0.909	0.895	0.978	0.022	0.965	0.767	3.8064677010726112E18	0.256	0.000	9943.666	Accept	Reject	Reject	Reject	Reject	Reject	Reject	1.114	0.898	10165.527	1.101
255	202	56.201	70.904	53.403	63.653	61.440	51.565	92944.161	2480.688	222.750	2669.867	185.398	0.793	0.883	0.780	0.839	0.628	0.929	0.071	0.832	0.730	3.7881707269988858E18	0.280	0.000	9922.753	Accept	Reject	Reject	Reject	Reject	Reject	Reject	1.192	0.839	10679.469	1.192
170	183	56.168	68.524	51.759	65.823	64.347	49.504	92783.437	2477.828	215.275	2646.735	186.770	0.820	0.853	0.728	0.769	0.672	0.936	0.064	0.868	0.727	3.6601303986715494E18	0.313	0.000	9911.311	Accept	Reject	Reject	Reject	Reject	Reject	Reject	1.272	0.786	10586.941	1.300
92	166	56.138	59.961	54.031	61.401	59.733	52.884	92632.635	2475.142	188.373	2538.423	180.516	0.936	0.914	0.836	0.885	0.877	0.975	0.025	0.958	0.746	2.6352492231824275E18	0.267	0.000	9900.569	Accept	Reject	Reject	Reject	Reject	Reject	Reject	1.136	0.880	10153.691	1.130
52	156	55.561	67.220	47.146	69.914	69.079	45.142	89805.276	2424.518	211.178	2579.517	187.359	0.827	0.795	0.632	0.653	0.683	0.940	0.060	0.887	0.736	2.6352888229156515E18	0.310	0.000	9698.072	Accept	Reject	Reject	Reject	Reject	Reject	Reject	1.483	0.674	10318.069	1.530
141	176	55.497	63.037	51.079	66.211	63.245	49.559	89498.699	2418.997	198.036	2545.942	185.046	0.880	0.838	0.703	0.784	0.775	0.950	0.050	0.934	0.715	3.9328890754533722E18	0.284	0.000	9675.987	Accept	Reject	Reject	Reject	Reject	Reject	Reject	1.296	0.771	10183.768	1.276
14	144	55.446	65.450	45.598	75.695	72.840	43.145	89250.662	2414.525	205.616	2530.631	191.896	0.847	0.732	0.537	0.592	0.718	0.954	0.046	0.933	0.700	2.6352497741656416E18	0.285	0.000	9658.101	Accept	Reject	Reject	Reject	Reject	Reject	Reject	1.660	0.602	10122.523	1.688
176	184	55.237	60.832	52.667	66.409	62.663	49.821	88245.762	2396.367	191.109	2473.901	183.078	0.908	0.832	0.692	0.795	0.825	0.969	0.031	0.958	0.685	2.779400696386177E18	0.215	0.000	9585.469	Accept	Reject	Reject	Reject	Reject	Reject	Reject	1.261	0.793	9895.604	1.258
277	212	54.956	59.701	48.690	67.734	64.526	48.108	86904.064	2372.016	187.555	2436.036	182.870	0.921	0.811	0.658	0.746	0.847	0.974	0.026	0.975	0.719	2.6375059108201942E18	0.233	0.000	9488.062	Accept	Reject	Reject	Reject	Reject	Reject	Reject	1.391	0.719	9744.146	1.341
185	186	54.849	58.294	53.670	62.107	57.441	53.457	86397.997	2362.798	183.135	2416.100	180.013	0.941	0.883	0.780	0.931	0.885	0.978	0.022	0.983	0.709	2.6352850347712656E18	0.204	0.000	9451.192	Accept	Reject	Reject	Reject	Reject	Reject	Reject	1.157	0.864	9664.401	1.075
240	199	54.348	56.211	54.308	55.706	54.745	53.988	84050.169	2319.796	176.592	2359.632	172.850	0.967	0.976	0.952	0.986	0.935	0.983	0.017	0.979	0.767	2.7613851360688682E18	0.252	0.000	9279.185	Accept	Reject	Reject	Reject	Reject	Reject	Reject	1.026	0.975	9438.530	1.014
56	157	54.325	66.238	53.221	63.700	59.745	50.405	83943.435	2317.832	208.094	2477.315	181.502	0.820	0.853	0.727	0.844	0.673	0.936	0.064	0.872	0.684	2.781621108593543E18	0.315	0.000	9271.328	Accept	Reject	Reject	Reject	Reject	Reject	Reject	1.197	0.835	9909.260	1.185
194	187	54.297	62.441	50.836	61.936	60.923	48.499	83813.844	2315.446	196.163	2420.491	176.952	0.870	0.877	0.769	0.796	0.756	0.957	0.043	0.902	0.735	2.651012302931376E18	0.281	0.000	9261.784	Accept	Reject	Reject	Reject	Reject	Reject	Reject	1.218	0.821	9681.965	1.256
280	216	54.254	57.575	50.506	64.610	61.179	48.862	83617.832	2311.834	180.876	2371.128	177.653	0.942	0.840	0.705	0.799	0.888	0.975	0.025	0.982	0.708	2.635284896121689E18	0.198	0.000	9247.337	Accept	Reject	Reject	Reject	Reject	Reject	Reject	1.279	0.782	9484.513	1.252
132	176	54.028	61.459	50.816	63.880	60.339	48.480	82574.144	2292.557	193.079	2396.605	176.833	0.879	0.846	0.715	0.803	0.773	0.957	0.043	0.916	0.706	2.6352491535215923E18	0.307	0.000	9170.229	Accept	Reject	Reject	Reject	Reject	Reject	Reject	1.257	0.795	9586.419	1.245
184	185	53.963	63.799	52.428	59.605	57.345	51.331	82279.526	2287.101	200.431	2409.742	177.382	0.846	0.905	0.820	0.895	0.715	0.949	0.051	0.885	0.732	3.6463078205616058E18	0.308	0.000	9148.404	Accept	Reject	Reject	Reject	Reject	Reject	Reject	1.137	0.880	9638.967	1.117
303	234	53.906	59.629	47.598	66.969	64.474	45.401	82015.957	2282.214	187.329	2356.252	178.273	0.904	0.805	0.648	0.704	0.817	0.969	0.031	0.952	0.716	2.6352498505333984E18	0.237	0.000	9128.856	Accept	Reject	Reject	Reject	Reject	Reject	Reject	1.407	0.711	9425.009	1.420
20	146	53.850	59.800	50.584	61.257	59.469	48.859	81763.539	2277.529	187.868	2364.127	174.876	0.901	0.879	0.773	0.822	0.811	0.963	0.037	0.931	0.735	2.6355311793297306E18	0.251	0.000	9110.116	Accept	Reject	Reject	Reject	Reject	Reject	Reject	1.211	0.826	9456.507	1.217
232	197	53.519	55.957	47.286	61.008	60.791	47.283	80263.541	2249.588	175.793	2280.748	172.993	0.956	0.877	0.770	0.778	0.915	0.986	0.014	0.984	0.780	2.7794001454032301E18	0.215	0.000	8998.352	Accept	Reject	Reject	Reject	Reject	Reject	Reject	1.290	0.775	9122.993	1.286
74	163	53.397	66.310	46.601	74.230	69.219	43.310	79716.194	2239.349	208.319	2412.251	189.381	0.805	0.719	0.517	0.626	0.648	0.928	0.072	0.909	0.647	3.8064670812506413E18	0.246	0.000	8957.397	Accept	Reject	Reject	Reject	Reject	Reject	Reject	1.593	0.628	9649.004	1.598
45	153	53.066	70.166	39.222	79.090	76.677	37.263	78245.604	2211.723	220.434	2358.304	190.684	0.756	0.671	0.450	0.486	0.572	0.938	0.062	0.865	0.713	2.635249722592447E18	0.326	0.000	8846.892	Accept	Reject	Reject	Reject	Reject	Reject	Reject	2.016	0.496	9433.216	2.058
287	218	53.010	55.152	46.458	62.478	60.481	46.809	77995.741	2207.012	173.265	2236.016	171.802	0.961	0.848	0.720	0.774	0.924	0.987	0.013	0.992	0.760	2.6352492221089194E18	0.207	0.000	8828.049	Accept	Reject	Reject	Reject	Reject	Reject	Reject	1.345	0.744	8944.063	1.292
223	195	52.883	59.772	49.866	58.888	56.946	49.416	77435.770	2196.436	187.781	2296.738	172.432	0.885	0.898	0.806	0.868	0.783	0.956	0.044	0.918	0.748	2.6352497032774051E18	0.280	0.000	8785.744	Accept	Reject	Reject	Reject	Reject	Reject	Reject	1.181	0.847	9186.951	1.152
204	189	52.854	59.414	51.764	57.374	56.595	49.452	77307.983	2194.019	186.654	2299.695	171.678	0.890	0.921	0.849	0.874	0.791	0.954	0.046	0.920	0.739	2.7790829428750275E18	0.308	0.000	8776.076	Accept	Reject	Reject	Reject	Reject	Reject	Reject	1.108	0.902	9198.781	1.144
81	164	52.768	62.177	48.933	59.494	57.450	48.818	76932.048	2186.900	195.334	2312.165	173.394	0.849	0.887	0.787	0.850	0.720	0.946	0.054	0.888	0.751	3.9165282833621216E18	0.316	0.000	8747.601	Accept	Reject	Reject	Reject	Reject	Reject	Reject	1.216	0.822	9248.658	1.177
59	158	52.470	74.231	40.740	76.391	76.690	38.736	75636.981	2162.288	233.203	2466.319	198.598	0.707	0.687	0.472	0.505	0.500	0.877	0.123	0.852	0.695	3.7724053781671501E18	0.366	0.000	8649.154	Accept	Reject	Reject	Reject	Reject	Reject	Reject	1.875	0.533	9865.275	1.980
181	184	52.371	55.541	50.750	56.056	55.099	50.061	75207.137	2154.088	174.488	2204.889	168.529	0.943	0.934	0.873	0.909	0.889	0.977	0.023	0.966	0.757	2.6355306981764445E18	0.241	0.000	8616.353	Accept	Reject	Reject	Reject	Reject	Reject	Reject	1.105	0.905	8819.554	1.101
289	218	52.283	59.711	42.604	66.109	66.033	41.850	74828.643	2146.855	187.586	2258.890	176.606	0.876	0.791	0.625	0.634	0.767	0.950	0.050	0.941	0.762	2.6377918612894054E18	0.277	0.000	8587.420	Accept	Reject	Reject	Reject	Reject	Reject	Reject	1.552	0.644	9035.561	1.578
128	174	52.261	62.319	47.608	70.320	66.574	45.076	74735.557	2145.074	195.782	2354.279	186.180	0.839	0.743	0.552	0.677	0.703	0.911	0.089	0.951	0.641	3.8270946272756595E18	0.273	0.000	8580.296	Accept	Reject	Reject	Reject	Reject	Reject	Reject	1.477	0.677	9417.115	1.477
276	212	52.229	60.511	52.254	55.988	53.370	51.167	74598.786	2142.456	190.101	2264.895	170.490	0.863	0.933	0.870	0.959	0.745	0.946	0.054	0.897	0.732	2.6352530714922374E18	0.309	0.000	8569.825	Accept	Reject	Reject	Reject	Reject	Reject	Reject	1.071	0.933	9059.578	1.043
97	168	52.199	56.425	48.654	57.638	55.460	49.653	74472.435	2140.037	177.263	2206.825	170.319	0.925	0.906	0.820	0.895	0.856	0.970	0.030	0.961	0.763	2.635530705709185E18	0.257	0.000	8560.146	Accept	Reject	Reject	Reject	Reject	Reject	Reject	1.185	0.844	8827.302	1.117
201	189	52.134	61.911	47.239	62.027	58.587	47.092	74190.780	2134.637	194.499	2251.830	172.885	0.842	0.840	0.706	0.804	0.709	0.948	0.052	0.889	0.729	2.651293296989415E18	0.284	0.000	8538.549	Accept	Reject	Reject	Reject	Reject	Reject	Reject	1.313	0.762	9007.319	1.244
76	164	52.001	62.126	47.919	61.890	59.404	46.799	73627.213	2123.814	195.173	2269.944	175.291	0.837	0.840	0.706	0.788	0.701	0.936	0.064	0.898	0.716	3.6463074157966272E18	0.310	0.000	8495.254	Accept	Reject	Reject	Reject	Reject	Reject	Reject	1.292	0.774	9079.778	1.269
101	169	51.667	61.079	50.076	58.034	55.155	48.527	72215.887	2096.586	191.886	2222.978	169.121	0.846	0.890	0.793	0.880	0.716	0.943	0.057	0.881	0.721	3.7859188667704416E18	0.283	0.000	8386.343	Accept	Reject	Reject	Reject	Reject	Reject	Reject	1.159	0.863	8891.910	1.137
124	174	51.658	62.786	50.903	56.049	54.668	48.934	72177.592	2095.845	197.248	2223.859	168.801	0.823	0.922	0.849	0.895	0.677	0.942	0.058	0.856	0.735	3.7881750649177235E18	0.318	0.000	8383.378	Accept	Reject	Reject	Reject	Reject	Reject	Reject	1.101	0.908	8895.434	1.117
79	164	51.306	55.783	49.477	56.913	53.798	49.363	70713.523	2067.406	175.247	2161.037	167.710	0.920	0.901	0.813	0.918	0.846	0.957	0.043	0.957	0.734	2.6352492222431658E18	0.239	0.000	8269.625	Accept	Reject	Reject	Reject	Reject	Reject	Reject	1.150	0.869	8644.149	1.090
269	209	51.123	54.323	48.114	57.474	54.816	48.858	69959.299	2052.679	170.660	2098.374	167.248	0.941	0.889	0.791	0.891	0.886	0.978	0.022	0.980	0.742	2.6355311790612573E18	0.215	0.000	8210.718	Accept	Reject	Reject	Reject	Reject	Reject	Reject	1.195	0.837	8393.496	1.122
86	166	50.928	54.639	45.057	58.424	57.415	45.620	69162.561	2037.065	171.655	2094.063	166.299	0.932	0.872	0.760	0.795	0.869	0.973	0.027	0.969	0.774	2.6355306981738182E18	0.248	0.000	8148.259	Accept	Reject	Reject	Reject	Reject	Reject	Reject	1.297	0.771	8376.254	1.259
267	205	50.914	61.312	43.649	62.549	60.687	42.866	69103.114	2035.897	192.617	2144.014	169.570	0.830	0.814	0.663	0.706	0.690	0.950	0.050	0.880	0.746	2.6375053609298954E18	0.307	0.000	8143.590	Accept	Reject	Reject	Reject	Reject	Reject	Reject	1.433	0.698	8576.055	1.416
115	170	50.764	60.919	46.126	61.216	57.290	45.090	68496.424	2023.964	191.384	2157.487	168.369	0.833	0.829	0.688	0.787	0.694	0.938	0.062	0.880	0.717	2.7790828752109347E18	0.309	0.000	8095.855	Accept	Reject	Reject	Reject	Reject	Reject	Reject	1.327	0.754	8629.948	1.271
284	218	50.596	54.831	42.850	65.379	62.385	41.503	67817.244	2010.562	172.256	2060.841	168.727	0.923	0.774	0.599	0.665	0.851	0.976	0.024	0.980	0.718	2.6352535525052346E18	0.214	0.000	8042.250	Accept	Reject	Reject	Reject	Reject	Reject	Reject	1.526	0.655	8243.363	1.503
104	169	50.507	58.424	45.915	62.727	59.900	43.504	67462.378	2003.543	183.543	2100.138	169.178	0.865	0.805	0.648	0.726	0.747	0.954	0.046	0.922	0.696	2.635280568141335E18	0.280	0.000	8014.170	Accept	Reject	Reject	Reject	Reject	Reject	Reject	1.366	0.732	8400.553	1.377
154	178	50.499	60.774	47.067	59.351	56.898	44.988	67428.842	2002.879	190.927	2124.508	166.261	0.831	0.851	0.724	0.791	0.690	0.943	0.057	0.871	0.717	3.7881751344406714E18	0.333	0.000	8011.514	Accept	Reject	Reject	Reject	Reject	Reject	Reject	1.261	0.793	8498.032	1.265
131	175	50.484	54.712	49.691	53.237	51.820	49.219	67369.527	2001.704	171.883	2068.534	162.373	0.923	0.948	0.899	0.950	0.851	0.968	0.032	0.945	0.757	2.6352492308331091E18	0.267	0.000	8006.815	Accept	Reject	Reject	Reject	Reject	Reject	Reject	1.071	0.933	8274.135	1.053
41	153	50.417	57.221	48.778	54.965	53.570	47.812	67100.422	1996.370	179.765	2079.861	163.870	0.881	0.917	0.841	0.893	0.776	0.960	0.040	0.912	0.745	2.7636022334844861E18	0.286	0.000	7985.478	Accept	Reject	Reject	Reject	Reject	Reject	Reject	1.127	0.887	8319.446	1.120
236	198	49.965	65.761	40.736	79.098	81.291	36.301	65312.680	1960.751	206.594	2298.199	195.543	0.760	0.632	0.399	0.447	0.577	0.853	0.147	0.947	0.609	2.6352492308669296E18	0.293	0.000	7843.005	Accept	Reject	Reject	Reject	Reject	Reject	Reject	1.942	0.515	9192.795	2.239
1	118	49.895	56.470	47.204	56.453	53.467	46.608	65039.455	1955.279	177.407	2052.385	162.800	0.884	0.884	0.781	0.872	0.781	0.953	0.047	0.918	0.734	3.7881750647816704E18	0.287	0.000	7821.116	Accept	Reject	Reject	Reject	Reject	Reject	Reject	1.196	0.836	8209.541	1.147
6	136	49.888	53.158	46.462	57.167	55.046	45.534	65009.901	1954.687	167.002	2004.297	161.676	0.938	0.873	0.762	0.827	0.881	0.975	0.025	0.968	0.736	2.635249781813951E18	0.272	0.000	7818.746	Accept	Reject	Reject	Reject	Reject	Reject	Reject	1.230	0.813	8017.186	1.209
216	192	48.975	50.567	48.557	50.181	49.259	48.689	61505.195	1883.788	158.861	1910.050	155.649	0.969	0.976	0.952	0.988	0.938	0.986	0.014	0.980	0.773	2.6533032042788154E18	0.242	0.000	7535.152	Accept	Reject	Reject	Reject	Reject	Reject	Reject	1.033	0.968	7640.198	1.012
89	166	48.684	54.185	46.827	56.385	54.395	45.454	60415.412	1861.470	170.228	1949.328	163.540	0.898	0.863	0.745	0.836	0.807	0.955	0.045	0.961	0.705	3.790497852890663E18	0.266	0.000	7445.878	Accept	Reject	Reject	Reject	Reject	Reject	Reject	1.204	0.830	7797.314	1.197
282	216	48.662	60.384	44.666	57.897	54.592	43.846	60334.744	1859.812	189.702	1999.527	162.813	0.806	0.840	0.706	0.803	0.649	0.930	0.070	0.858	0.719	3.7726592400106349E18	0.321	0.000	7439.249	Accept	Reject	Reject	Reject	Reject	Reject	Reject	1.296	0.771	7998.108	1.245
160	181	48.649	53.566	47.847	51.860	49.798	47.554	60286.743	1858.826	168.281	1922.577	156.915	0.908	0.938	0.880	0.955	0.825	0.967	0.033	0.932	0.749	2.6352491544778938E18	0.266	0.000	7435.303	Accept	Reject	Reject	Reject	Reject	Reject	Reject	1.084	0.923	7690.308	1.047
138	176	47.891	62.783	47.296	55.347	50.899	45.197	57512.631	1801.356	197.239	1966.608	159.841	0.763	0.865	0.749	0.888	0.582	0.916	0.084	0.810	0.688	2.7619480268199456E18	0.334	0.000	7205.425	Accept	Reject	Reject	Reject	Reject	Reject	Reject	1.170	0.855	7866.434	1.126
137	176	47.717	60.967	46.755	54.296	51.057	44.739	56888.390	1788.298	191.533	1949.369	158.446	0.783	0.879	0.772	0.876	0.613	0.917	0.083	0.827	0.704	3.7724437441579104E18	0.319	0.000	7153.192	Accept	Reject	Reject	Reject	Reject	Reject	Reject	1.161	0.861	7797.477	1.141
3	132	47.623	61.288	48.543	51.431	48.536	46.881	56551.046	1781.221	192.541	1922.347	157.667	0.777	0.926	0.857	0.966	0.604	0.927	0.073	0.819	0.713	3.6621050624824947E18	0.323	0.000	7124.885	Accept	Reject	Reject	Reject	Reject	Reject	Reject	1.059	0.944	7689.388	1.035
202	189	47.548	52.793	44.890	53.487	51.706	44.315	56285.523	1775.641	165.853	1855.902	156.573	0.901	0.889	0.790	0.857	0.811	0.957	0.043	0.944	0.740	2.7636110995259213E18	0.291	0.000	7102.566	Accept	Reject	Reject	Reject	Reject	Reject	Reject	1.191	0.839	7423.609	1.167
91	166	47.489	51.584	45.110	52.548	50.102	45.095	56075.910	1771.230	162.055	1835.607	153.525	0.921	0.904	0.817	0.900	0.848	0.965	0.035	0.947	0.747	3.6440555398479034E18	0.264	0.000	7084.921	Accept	Reject	Reject	Reject	Reject	Reject	Reject	1.165	0.858	7342.427	1.111
2	128	47.283	49.805	46.704	49.885	48.061	46.524	55349.948	1755.910	156.468	1789.711	151.046	0.949	0.948	0.898	0.968	0.901	0.981	0.019	0.965	0.754	2.6352491716451226E18	0.216	0.000	7023.641	Accept	Reject	Reject	Reject	Reject	Reject	Reject	1.068	0.936	7158.843	1.033
93	166	47.151	53.104	44.613	56.526	52.696	43.652	54887.479	1746.116	166.830	1857.478	158.602	0.888	0.834	0.696	0.828	0.788	0.940	0.060	0.951	0.692	3.6621051314725338E18	0.285	0.000	6984.462	Accept	Reject	Reject	Reject	Reject	Reject	Reject	1.267	0.789	7429.912	1.207
237	199	47.065	55.874	45.499	52.093	50.271	44.231	54588.011	1739.759	175.532	1848.810	154.499	0.842	0.903	0.816	0.880	0.710	0.941	0.059	0.880	0.734	3.6440560209031514E18	0.333	0.000	6959.034	Accept	Reject	Reject	Reject	Reject	Reject	Reject	1.145	0.873	7395.241	1.137
42	153	47.060	56.344	43.904	54.902	51.961	42.695	54568.855	1739.352	177.011	1856.697	155.754	0.835	0.857	0.735	0.822	0.698	0.937	0.063	0.880	0.722	2.6354955128330794E18	0.303	0.000	6957.407	Accept	Reject	Reject	Reject	Reject	Reject	Reject	1.251	0.800	7426.788	1.217
109	169	46.869	61.943	35.190	69.092	67.499	33.116	53907.504	1725.270	194.601	1849.988	169.268	0.757	0.678	0.460	0.491	0.573	0.933	0.067	0.870	0.710	3.662074756251625E18	0.328	0.000	6901.078	Accept	Reject	Reject	Reject	Reject	Reject	Reject	1.963	0.509	7399.950	2.038
126	174	46.630	61.715	36.784	71.052	78.636	33.267	53088.055	1707.741	193.884	2145.162	182.748	0.756	0.656	0.431	0.423	0.571	0.796	0.204	0.943	0.653	2.6352894340446522E18	0.236	0.000	6830.964	Accept	Reject	Reject	Reject	Reject	Reject	Reject	1.932	0.518	8580.649	2.364
217	193	46.084	59.258	42.043	54.643	51.873	40.988	51244.117	1667.964	186.164	1797.206	153.696	0.778	0.843	0.711	0.790	0.605	0.928	0.072	0.826	0.726	3.7881712260246189E18	0.317	0.000	6671.858	Accept	Reject	Reject	Reject	Reject	Reject	Reject	1.300	0.769	7188.825	1.266
300	230	46.075	51.266	39.433	55.579	54.796	39.229	51215.204	1667.337	161.056	1729.225	152.489	0.899	0.829	0.687	0.716	0.808	0.964	0.036	0.947	0.761	3.7723772815813978E18	0.282	0.000	6669.348	Accept	Reject	Reject	Reject	Reject	Reject	Reject	1.409	0.709	6916.899	1.397
50	155	46.032	50.902	46.350	48.909	47.050	45.109	51070.666	1664.198	159.914	1746.180	149.486	0.904	0.941	0.886	0.959	0.818	0.953	0.047	0.935	0.734	2.637505412620991E18	0.312	0.000	6656.794	Accept	Reject	Reject	Reject	Reject	Reject	Reject	1.055	0.948	6984.719	1.043
167	182	45.982	63.489	28.852	78.091	77.605	27.885	50905.649	1660.612	199.458	1795.774	180.249	0.724	0.589	0.347	0.359	0.525	0.925	0.075	0.904	0.737	2.637580755996097E18	0.351	0.000	6642.447	Accept	Reject	Reject	Reject	Reject	Reject	Reject	2.707	0.369	7183.097	2.783
51	156	45.953	50.830	44.663	49.577	47.909	44.093	50809.760	1658.526	159.689	1725.213	148.894	0.904	0.927	0.859	0.920	0.817	0.961	0.039	0.932	0.749	2.6352536287789568E18	0.298	0.000	6634.103	Accept	Reject	Reject	Reject	Reject	Reject	Reject	1.110	0.901	6900.854	1.087
259	203	45.629	58.632	39.436	56.148	54.298	38.647	49742.048	1635.209	184.198	1779.895	155.038	0.778	0.813	0.660	0.712	0.606	0.919	0.081	0.842	0.738	2.7945987203911987E18	0.341	0.000	6540.835	Accept	Reject	Reject	Reject	Reject	Reject	Reject	1.424	0.702	7119.581	1.405
114	170	45.554	53.552	47.509	54.950	51.376	45.875	49497.372	1629.842	168.239	1796.069	160.808	0.851	0.829	0.687	0.893	0.724	0.907	0.093	0.956	0.624	2.6355709088508893E18	0.245	0.000	6519.368	Accept	Reject	Reject	Reject	Reject	Reject	Reject	1.157	0.865	7184.274	1.120
264	205	45.436	53.192	41.016	53.906	51.926	39.868	49112.968	1621.393	167.108	1725.267	150.766	0.854	0.843	0.710	0.768	0.730	0.940	0.060	0.902	0.733	3.6440556160856742E18	0.341	0.000	6485.572	Accept	Reject	Reject	Reject	Reject	Reject	Reject	1.314	0.761	6901.068	1.302
196	187	45.357	57.779	44.824	55.186	51.149	41.298	48857.142	1615.757	181.519	1748.369	153.935	0.785	0.822	0.675	0.807	0.616	0.924	0.076	0.848	0.653	2.7819031825833795E18	0.332	0.000	6463.030	Accept	Reject	Reject	Reject	Reject	Reject	Reject	1.231	0.812	6993.475	1.239
214	192	45.350	49.216	44.301	47.736	46.759	44.023	48833.478	1615.236	154.617	1671.825	145.856	0.921	0.950	0.903	0.941	0.849	0.966	0.034	0.943	0.764	2.6355307744283997E18	0.288	0.000	6460.943	Accept	Reject	Reject	Reject	Reject	Reject	Reject	1.078	0.928	6687.299	1.062
21	146	44.843	56.619	41.078	54.083	50.714	39.779	47214.976	1579.346	177.875	1701.535	150.212	0.792	0.829	0.687	0.784	0.627	0.928	0.072	0.844	0.711	3.6440868070776646E18	0.336	0.000	6317.385	Accept	Reject	Reject	Reject	Reject	Reject	Reject	1.317	0.760	6806.142	1.275
274	212	44.190	52.952	42.158	49.028	48.027	40.751	45182.769	1533.696	166.353	1650.061	146.272	0.835	0.901	0.812	0.848	0.696	0.929	0.071	0.879	0.742	3.7884522792874611E18	0.315	0.000	6134.785	Accept	Reject	Reject	Reject	Reject	Reject	Reject	1.163	0.860	6600.245	1.179
234	198	43.664	45.175	42.996	45.314	44.384	42.973	43587.123	1497.372	141.921	1525.330	139.235	0.967	0.964	0.928	0.968	0.934	0.982	0.018	0.981	0.769	2.6352491544799949E18	0.237	0.000	5989.486	Accept	Reject	Reject	Reject	Reject	Reject	Reject	1.054	0.949	6101.320	1.033
155	178	43.616	50.586	42.313	47.974	45.057	42.444	43444.823	1494.111	158.921	1592.160	143.372	0.862	0.909	0.827	0.942	0.743	0.938	0.062	0.902	0.736	3.790428034038647E18	0.283	0.000	5976.444	Accept	Reject	Reject	Reject	Reject	Reject	Reject	1.134	0.882	6368.638	1.062
24	147	43.509	48.568	42.743	48.036	45.658	41.531	43127.137	1486.818	152.580	1555.418	141.475	0.896	0.906	0.820	0.910	0.803	0.956	0.044	0.927	0.724	3.7881707278228666E18	0.286	0.000	5947.273	Accept	Reject	Reject	Reject	Reject	Reject	Reject	1.124	0.890	6221.673	1.099
218	193	43.403	44.908	42.682	45.772	45.272	41.614	42810.958	1479.542	141.084	1503.015	138.419	0.966	0.948	0.899	0.919	0.934	0.984	0.016	0.981	0.757	2.7796469859000141E18	0.227	0.000	5918.170	Accept	Reject	Reject	Reject	Reject	Reject	Reject	1.072	0.932	6012.058	1.088
26	148	42.518	47.772	42.597	46.022	43.143	41.964	40244.700	1419.809	150.079	1490.005	138.360	0.890	0.924	0.853	0.973	0.792	0.953	0.047	0.922	0.724	2.7638525776173651E18	0.334	0.000	5679.236	Accept	Reject	Reject	Reject	Reject	Reject	Reject	1.080	0.926	5960.018	1.028
266	205	41.750	51.854	28.403	60.159	61.433	28.781	38104.022	1369.004	162.903	1466.656	150.617	0.805	0.694	0.482	0.468	0.648	0.933	0.067	0.925	0.801	3.7904625987229875E18	0.317	0.000	5476.016	Accept	Reject	Reject	Reject	Reject	Reject	Reject	2.118	0.472	5866.623	2.134
25	147	41.408	50.150	42.155	45.898	42.563	40.401	37174.500	1346.648	157.550	1469.166	137.691	0.826	0.902	0.814	0.949	0.682	0.917	0.083	0.874	0.696	3.7881674284643264E18	0.311	0.000	5386.593	Accept	Reject	Reject	Reject	Reject	Reject	Reject	1.089	0.918	5876.665	1.054
271	211	41.325	50.709	33.294	59.118	56.217	31.860	36951.535	1341.258	159.307	1437.899	147.476	0.815	0.699	0.489	0.567	0.664	0.933	0.067	0.926	0.681	2.6352492309844285E18	0.323	0.000	5365.034	Accept	Reject	Reject	Reject	Reject	Reject	Reject	1.776	0.563	5751.595	1.764
60	159	41.059	43.969	40.354	43.152	42.157	40.000	36241.975	1324.033	138.132	1366.204	131.729	0.934	0.951	0.905	0.949	0.872	0.969	0.031	0.954	0.760	2.6375054975640397E18	0.285	0.000	5296.131	Accept	Reject	Reject	Reject	Reject	Reject	Reject	1.069	0.935	5464.816	1.054
279	212	39.194	46.234	39.246	42.565	40.158	38.376	31524.508	1206.488	145.248	1299.497	129.450	0.848	0.921	0.848	0.956	0.719	0.928	0.072	0.891	0.722	3.8062258169893517E18	0.351	0.000	4825.952	Accept	Reject	Reject	Reject	Reject	Reject	Reject	1.085	0.922	5197.990	1.046
23	146	38.501	41.115	36.917	42.486	40.057	37.198	29881.576	1164.197	129.166	1198.392	125.008	0.936	0.906	0.821	0.929	0.877	0.971	0.029	0.968	0.742	3.662110079289801E18	0.255	0.000	4656.788	Accept	Reject	Reject	Reject	Reject	Reject	Reject	1.151	0.869	4793.569	1.077
242	200	38.248	40.914	31.339	46.962	47.112	31.141	29296.485	1148.950	128.536	1174.984	126.055	0.935	0.814	0.663	0.661	0.874	0.978	0.022	0.981	0.781	2.7793956778298717E18	0.238	0.000	4595.800	Accept	Reject	Reject	Reject	Reject	Reject	Reject	1.499	0.667	4699.937	1.513
262	204	37.861	45.051	29.769	52.851	54.188	28.193	28416.522	1125.826	141.531	1231.812	136.130	0.840	0.716	0.513	0.520	0.706	0.914	0.086	0.962	0.716	2.6355312491252755E18	0.275	0.000	4503.306	Accept	Reject	Reject	Reject	Reject	Reject	Reject	1.775	0.563	4927.248	1.922
212	191	37.802	46.320	37.268	44.035	40.119	35.847	28283.602	1122.313	145.519	1202.392	126.293	0.816	0.858	0.737	0.894	0.666	0.933	0.067	0.868	0.684	3.8087937285285997E18	0.363	0.000	4489.251	Accept	Reject	Reject	Reject	Reject	Reject	Reject	1.182	0.846	4809.568	1.119
39	152	35.805	40.440	35.168	39.885	37.762	34.001	24034.946	1006.900	127.047	1067.045	117.169	0.885	0.898	0.806	0.900	0.784	0.944	0.056	0.922	0.718	2.6352497741797974E18	0.338	0.000	4027.599	Accept	Reject	Reject	Reject	Reject	Reject	Reject	1.134	0.882	4268.179	1.111
260	204	35.116	38.084	34.500	36.840	35.441	34.817	22672.379	968.476	119.645	1003.084	113.235	0.922	0.953	0.909	0.982	0.850	0.965	0.035	0.946	0.762	3.7882108697978003E18	0.324	0.000	3873.904	Accept	Reject	Reject	Reject	Reject	Reject	Reject	1.068	0.936	4012.334	1.018
144	177	33.264	40.720	29.624	39.909	38.538	28.826	19271.893	869.041	127.925	945.559	111.716	0.817	0.833	0.695	0.748	0.667	0.919	0.081	0.873	0.735	3.7887694978208384E18	0.348	0.000	3476.165	Accept	Reject	Reject	Reject	Reject	Reject	Reject	1.347	0.742	3782.236	1.337
149	178	31.454	39.932	28.079	40.672	38.018	26.551	16293.779	777.032	125.449	859.223	108.773	0.788	0.773	0.598	0.698	0.620	0.904	0.096	0.867	0.680	3.7724125444734842E18	0.377	0.000	3108.126	Accept	Reject	Reject	Reject	Reject	Reject	Reject	1.449	0.690	3436.892	1.432
46	153	31.187	32.187	29.663	33.557	32.867	29.655	15882.025	763.885	101.118	776.251	99.879	0.969	0.929	0.864	0.902	0.939	0.984	0.016	0.988	0.767	2.6532685093988131E18	0.270	0.000	3055.540	Accept	Reject	Reject	Reject	Reject	Reject	Reject	1.131	0.884	3105.002	1.108
12	143	30.897	31.944	28.643	33.559	33.512	28.481	15443.513	749.759	100.354	762.758	98.877	0.967	0.921	0.848	0.850	0.936	0.983	0.017	0.985	0.780	3.7862053682391802E18	0.244	0.000	2999.035	Accept	Reject	Reject	Reject	Reject	Reject	Reject	1.172	0.854	3051.031	1.177
150	178	30.862	41.158	30.784	35.812	32.193	29.679	15390.756	748.050	129.301	837.027	104.167	0.750	0.862	0.743	0.922	0.562	0.894	0.106	0.806	0.679	2.6512673984899872E18	0.381	0.000	2992.201	Accept	Reject	Reject	Reject	Reject	Reject	Reject	1.163	0.860	3348.108	1.085
58	158	29.617	30.171	29.427	30.488	29.697	29.523	13602.913	688.936	94.784	697.137	94.213	0.982	0.971	0.944	0.994	0.964	0.988	0.012	0.994	0.768	2.6355355947097318E18	0.247	0.000	2755.743	Accept	Reject	Reject	Reject	Reject	Reject	Reject	1.036	0.965	2788.547	1.006
32	151	27.460	28.098	27.145	28.437	27.834	27.073	10842.200	592.246	88.274	601.304	87.466	0.977	0.966	0.932	0.973	0.955	0.985	0.015	0.991	0.767	2.6352536301214301E18	0.257	0.000	2368.986	Accept	Reject	Reject	Reject	Reject	Reject	Reject	1.048	0.955	2405.215	1.028
296	224	25.895	28.350	25.644	28.270	27.101	24.798	9092.034	526.661	89.065	554.661	84.834	0.913	0.916	0.839	0.915	0.834	0.950	0.050	0.953	0.726	2.7636374963931245E18	0.369	0.000	2106.646	Accept	Reject	Reject	Reject	Reject	Reject	Reject	1.102	0.907	2218.643	1.093
10	142	24.844	25.641	24.526	25.838	25.470	24.225	8028.951	484.764	80.555	494.501	79.492	0.969	0.962	0.925	0.951	0.939	0.980	0.020	0.987	0.765	3.790497931427241E18	0.277	0.000	1939.054	Accept	Reject	Reject	Reject	Reject	Reject	Reject	1.053	0.949	1978.004	1.051
63	160	23.380	29.321	19.843	32.466	29.079	19.329	6692.016	429.334	92.113	469.650	82.985	0.797	0.720	0.519	0.665	0.636	0.914	0.086	0.901	0.666	3.6466635297890163E18	0.376	0.000	1717.337	Accept	Reject	Reject	Reject	Reject	Reject	Reject	1.636	0.611	1878.601	1.504
258	203	22.850	23.590	22.681	23.954	23.289	22.449	6247.158	410.090	74.111	417.983	73.289	0.969	0.954	0.910	0.964	0.938	0.981	0.019	0.989	0.755	2.6352497828918954E18	0.313	0.000	1640.360	Accept	Reject	Reject	Reject	Reject	Reject	Reject	1.056	0.947	1671.932	1.037
49	155	22.790	24.038	22.553	24.672	23.813	21.866	6197.362	407.908	75.517	421.236	73.889	0.948	0.924	0.853	0.918	0.899	0.968	0.032	0.978	0.733	2.6352497215690736E18	0.346	0.000	1631.631	Accept	Reject	Reject	Reject	Reject	Reject	Reject	1.094	0.914	1684.944	1.089
68	161	22.186	24.605	18.584	27.523	27.783	18.069	5717.558	386.573	77.297	404.448	75.028	0.902	0.806	0.650	0.650	0.813	0.956	0.044	0.971	0.756	2.637506058213055E18	0.326	0.000	1546.291	Accept	Reject	Reject	Reject	Reject	Reject	Reject	1.481	0.675	1617.793	1.538
244	200	21.760	23.780	18.994	27.984	26.829	17.962	5394.438	371.868	74.706	389.544	73.390	0.915	0.778	0.605	0.669	0.837	0.955	0.045	0.982	0.700	2.6535897152410282E18	0.323	0.000	1487.470	Accept	Reject	Reject	Reject	Reject	Reject	Reject	1.473	0.679	1558.177	1.494
8	141	21.378	24.230	21.457	23.504	21.786	21.091	5115.764	358.948	76.120	384.186	70.984	0.882	0.910	0.827	0.968	0.778	0.934	0.066	0.933	0.712	2.6352536311826253E18	0.392	0.000	1435.791	Accept	Reject	Reject	Reject	Reject	Reject	Reject	1.095	0.913	1536.745	1.033
75	163	18.045	20.811	17.416	21.459	20.349	16.167	3076.627	255.745	65.380	281.027	61.345	0.867	0.841	0.707	0.794	0.752	0.910	0.090	0.938	0.684	3.955197017769865E18	0.419	0.000	1022.981	Accept	Reject	Reject	Reject	Reject	Reject	Reject	1.232	0.812	1124.108	1.259
36	152	16.676	18.100	14.880	21.013	20.368	13.943	2428.140	218.410	56.862	226.769	56.156	0.921	0.794	0.630	0.685	0.849	0.963	0.037	0.988	0.699	2.6375808237952979E18	0.319	0.000	873.641	Accept	Reject	Reject	Reject	Reject	Reject	Reject	1.412	0.708	907.075	1.461
57	158	16.013	16.457	14.515	18.029	17.778	14.368	2149.831	201.385	51.700	203.483	51.514	0.973	0.888	0.789	0.808	0.947	0.990	0.010	0.996	0.770	2.6352850361347885E18	0.330	0.000	805.540	Accept	Reject	Reject	Reject	Reject	Reject	Reject	1.242	0.805	813.934	1.237
103	169	14.175	15.430	12.044	18.121	17.077	11.866	1491.231	157.805	48.473	164.134	47.773	0.919	0.782	0.612	0.695	0.844	0.961	0.039	0.986	0.723	2.6381085904841926E18	0.373	0.000	631.220	Accept	Reject	Reject	Reject	Reject	Reject	Reject	1.505	0.665	656.535	1.439
44	153	11.958	14.776	8.718	18.179	16.863	8.598	895.257	112.302	46.419	123.094	44.491	0.809	0.658	0.433	0.510	0.655	0.912	0.088	0.958	0.709	3.8087630876311514E18	0.425	0.308	449.210	Accept	Reject	Reject	Reject	Reject	Reject	Reject	2.085	0.480	492.377	1.961
182	185	10.922	11.339	10.274	12.629	11.818	10.054	682.187	93.690	35.622	94.913	35.564	0.963	0.865	0.748	0.851	0.928	0.987	0.013	0.998	0.722	3.4975277389106381E17	0.381	0.000	374.760	Accept	Reject	Reject	Reject	Reject	Reject	Reject	1.229	0.814	379.653	1.175
111	169	10.567	12.510	9.159	14.396	13.042	8.612	617.872	87.705	39.302	97.675	37.317	0.845	0.734	0.539	0.660	0.714	0.898	0.102	0.949	0.665	2.653875597041959E18	0.416	0.000	350.819	Accept	Reject	Reject	Reject	Reject	Reject	Reject	1.572	0.636	390.698	1.514
27	148	9.062	10.919	6.698	12.191	11.678	7.087	389.661	64.498	34.305	68.705	32.619	0.830	0.743	0.553	0.607	0.689	0.939	0.061	0.951	0.790	5152625670455311	0.430	0.000	257.994	Accept	Reject	Reject	Reject	Reject	Reject	Reject	1.820	0.549	274.819	1.648
43	153	7.766	8.366	7.240	9.324	8.076	7.434	245.268	47.372	26.283	49.468	25.953	0.928	0.833	0.694	0.921	0.862	0.958	0.042	0.987	0.702	14539114147849	0.414	0.000	189.486	Accept	Reject	Reject	Reject	Reject	Reject	Reject	1.288	0.776	197.873	1.086
199	188	7.138	7.460	7.053	7.807	7.326	6.846	190.418	40.016	23.436	40.864	23.366	0.957	0.914	0.836	0.935	0.915	0.979	0.021	0.997	0.727	1266692120577	0.406	0.000	160.062	Accept	Reject	Reject	Reject	Reject	Reject	Reject	1.107	0.903	163.456	1.070
152	178	7.102	7.719	6.387	9.255	8.193	6.197	187.577	39.617	24.251	40.833	24.096	0.920	0.767	0.589	0.756	0.847	0.970	0.030	0.994	0.670	80990816661504	0.407	0.000	158.466	Accept	Reject	Reject	Reject	Reject	Reject	Reject	1.449	0.690	163.332	1.322
34	152	6.524	7.218	5.691	8.347	7.885	5.406	145.420	33.433	22.677	35.500	22.516	0.904	0.782	0.611	0.686	0.817	0.942	0.058	0.993	0.704	10055136767489	0.440	0.000	133.731	Accept	Reject	Reject	Reject	Reject	Reject	Reject	1.467	0.682	142.000	1.459
16	145	3.399	4.384	3.366	4.915	3.795	3.117	20.570	9.076	13.773	11.328	13.076	0.775	0.692	0.478	0.821	0.601	0.801	0.199	0.949	0.549	59990481	0.433	0.000	36.305	Accept	Reject	Reject	Reject	Reject	Reject	Reject	1.460	0.685	45.311	1.217
